,351.22699999999963,204.54278258194643,119.14521476205084,45.75117816900786,81.35190423673009,43.72395321419708,11.072953060494456,19.477172463369016,61.93160016208742,19.275739196912014,21.01455173849638,3.9050953494789837,81.23464909365316,87.07493917861643,91.48908202775726,45.42507582126018,9.191305993869946,67.657650731285,84.94373329471989,46.99817436631395,18.514651224737463,64.17793874004565,51.092462969262556,14.74373768391115,27.586692413438982,65.46656150357842,60.64686218255622,93.65576111128735,41.00856848493481,15.126977862801368,69.32807958433318,72.11377662763857,42.82549698336015,110.94855222243314,14.93991853759644,51.82073163740097,33.902843968857496,72.2809553537544,23.01687870597243,55.76547258208814,16.800641399739334,20.501732481780095,70.05238531820692,109.74378813002807,71.87869251956465,68.36396486255012,79.15009934271052,55.834260960533015,57.24897576546539,22.67112050935475,5.55678577497622,79.84392134503582,31.29651634189736,71.37963415542151,64.69842834311089,62.79063666936861,66.93599412251126,19.895560634532558,7.770009813122215,34.30604123590558,7.810221193095458,86.23112403185041,72.39011873962238,15.08921385499309,4.898304946506414,74.22502701956125,22.134203024672388,79.92643046071362,23.071926509787886,95.82578383706073,61.78086055799588,97.57256687169638,87.67712940581168,53.756764440869006,57.913847880484354,41.37972565629184,52.09427712930358,66.11600783871654,41.890016456050034,52.038272779179806,19.18052273254898,90.05106411125212,31.037039552069245,46.20433687851494,11.650102764262215,23.610896141552416,82.38087154827883,9.287419077533968,86.08900452358523,83.64477092374182,54.91772782602675,54.57165360424722,15.590604532039265,12.191597050105997,89.47297321524991,59.05231070856678,21.1838013832014,18.16865474154838,16.155406983835633,40.40637022761689,21.55578145455604,38.45886368455558,15.52380783446938,87.99191994312696,89.84933321493668,42.76915469857909,66.03009750409399,73.68645364663121,18.357149347216932,81.87449903767083,21.045395101253348,43.56238106716205,46.4460266763017,59.59782873909444,16.887325214572684,46.87631262933019,84.02158474838302,42.01130702629041,71.87339727757342,61.810822260324926,12.077194071831059,67.77179814729175,31.87157634510686,76.88077085487828,103.16329189045268,32.461481104244285,79.39952075124336,56.78274474563682,90.28087075034114,24.610103064906184,66.71604125523106,18.51389042553558,35.19237273776389,60.959206022704166,25.149367647346367,31.992290157080447,59.45793609236932,19.52843235645912,12.761138930016045,87.39140727158974,65.78706244105672,20.867341209918322,119.42734512308266,80.5041812382076,19.231934171198873,45.236879732821194,18.609687964773457,42.9545985596136,61.853309966341044,94.97725618863944,80.33267270617944,27.173485363896134,83.4435674330274,40.67920818561811,36.12417495005138,33.87337092518385,23.974237832297717,29.27755063104314,120.58799221532183,61.34000581426005,16.56981511812205,81.24071262527684,20.02335121123633,47.74681991379032,23.96284131042603,49.26770341255906,91.4616446590536,67.59927176819417,87.14579523453517,50.03418043654278,91.52588624298437,21.045143694383455,72.82476848757813,85.0213083756887,26.381483283803846,80.69946745192783,28.367013457084568,67.18550203735754,103.56762628652677,76.11975516148061,74.95662759338438,15.616409359140789,5.208048753261096,67.95547006066738,61.66458713753809,92.91346821897002,44.81185177681448,72.1352037412363,33.61326508050456,87.07004197511196,77.32612246671351,13.74082213954955,6.654291512610143,42.85776126392159,80.72427029798268,112.35123096639813,48.21222855775363,9.711123898548749,47.5653795560296,68.49225738540338,12.972726107105359,35.04395616424415,88.96858779540344,40.27866405906002,28.284158962664492,79.83645770419525,34.215192830986666,10.629429887104266,5.3100809917816605,132.25147594029067,33.09117069547733,13.590850442653618,131.04434806057725,71.02174742302645,50.94922580412879,97.46393758603858,45.497226851068945,20.20718561822889,18.556514768813713,79.16019401038614,20.654490028545183,37.99909702646755,23.61463464103838,95.19317734460367,47.079522884895596,50.74831800426796,18.33400913499281,84.09633213465781,29.134258393703362,14.344090977937867,50.05932663391809,25.67455636363593,62.7732146128609,57.13445940017914,12.783545607423548,24.616158476712144,6.854345029070259,61.053008667100244,61.389577458785766,24.43403062236291,41.824441410614554,23.478865876291138,118.60900650102042,86.16168164096223,37.65718225873502,14.082548988634926,4.4324363391644965,76.60437002556478,75.93036102588849,49.6391563140503,16.932764610240156,2.914270530575209,66.71402652710242,35.23175841542127,11.44850364714057,74.25579303835605,57.28487599984544,91.01730184780752,56.923729607704445,65.57256435411648,92.97433025026874,41.66045861150394,69.60882349242979,19.0729492489711,8.848465141823226,3.564074638555553,31.89288009696145,84.39062460083926,59.15320306633612,66.03013503607076,66.09007211619746,45.04155867347117,65.05788819261534,74.2582778799898,62.26435389130165,48.09902017632453,57.95923509080649,45.83506931088118,88.00964179255072,71.45920735655898,21.515785480672776,27.491263844345553,61.92933397900197,84.32096261156562,50.803352777539885,92.35279063719736,68.38696970103751,65.59046220496793,91.96418850239957,75.04957294979613,26.10581714050329,88.2345925917831,29.82809324552386,109.09890819484565,71.23928288398986,68.31411076574443,74.15791356024192,25.654509732078168,81.84421467191714,71.95689516463756,71.02221938869548,33.075465641956384,74.8174136856843,24.303130392015532,43.63814960301124,114.68386383301765,14.658048686743996,38.39809278297821,62.073947930142594,8.51247179957511,64.78302463991247,54.14657974732404,91.20133252602898,40.353746754134136,53.57819079184014,26.16143565282539,98.21042533260629,25.17615195535336,92.51010760027873,89.01392917246926,42.87134998883448,65.43208331389201,58.480993675731156,60.53817671294405,93.67828567586605,38.12149975334728,14.331618135586496,7.526550716100701,15.590586173384168,81.78649312333596,24.82414034308613,84.06949065062133,32.00915068988229,98.75984554262664,43.128413363988216,103.75644565673429,52.55365641395338,51.72490782686896,8.973407141713437,4.955637927082876,60.56817839065309,78.0335669859619,56.3297230800938,29.156667146395876,61.234141922207186,26.971791755597337,14.82064147570236,97.80551455610839,100.09750071104133,29.618892989299866,63.136430141366645,36.337287209134615,33.310112876853964,60.82237788245311,9.78799842840624,58.235497383714915,98.10082013732028,60.95344101381579,85.16842478117098,58.471183509290654,17.419970419515494,78.03990728494398,14.11492799165967,20.05147524630013,74.10721466364646,42.822296155299,73.14639043415093,15.092224179421464,24.760705515146356,8.171571783371292,90.7050225719247,103.7308739323289,29.3013901614695,93.25626464545871,107.25945795856376,71.2515089918137,25.100470311522372,8.381206128011058,60.36690297072039,86.42092538339602,50.77964480327762,28.51164638487853,52.930130954426545,79.16580748276454,53.167581807926354,45.6925435951689,30.64379263598005,72.77620660421019,95.83521608536398,19.09907758327313,61.97851210516808,65.87673269601385,22.15099429622171,8.007988500753527,47.13634892227674,20.048391010006867,61.577438944381925,95.774494475766,15.639503556902355,24.787048842725312,64.42368230201794,71.98999899194621,101.25528065549406,55.60494719120106,107.5616440882012,52.90303753169951,68.12629970986711,59.57808184914677,66.19575223247034,97.16696619336335,28.146854435023897,39.34738362669202,71.20926222952653,41.606553665760885,63.86849573672862,113.36909293692565,19.728648693803734,7.50114064863385,4.0173791630146525,1.5084426005774958,66.06263053044859,54.68084098980262,10.735482163717052,23.417236713767466,56.22463937160069,84.08784095228305,33.97322778938144,51.334538458117436,49.0300034146436,43.05131088586859,92.18333117998202,78.46295466264473,35.00715918811113,61.3255646826658,48.203663108064006,105.58448118537422,64.2135407041161,29.329062681656183,11.756564154487137,91.88207711775249,69.74830359495547,47.585704189128364,71.83863907591353,29.50675258943545,6.83556819786088,74.99428126162434,78.90300947642004,53.43678703238504,42.91092370746037,60.92960773242942,18.46248131816742,39.87940762637311,10.20592296010409,74.01904025430895,94.75408708547036,45.131468938830494,46.64466381851821,82.2145456602268,60.85494546982795,45.476405377532615,48.194645801588194,26.18750318702473,9.084212825439522,69.21325633629374,47.67315435118712,73.53271577318594,37.59199429954731,52.90984623901545,39.97952462715625,99.89557824707708,108.89799979105021,22.603296921451033,6.628313211957561,47.82611317915075,71.71047908112575,39.03540145121201,48.862758640824836,22.40239442066445,77.9272041363887,22.667027466167156,94.03818403251489,69.63197844434899,58.826981450935364,82.5092826417524,52.240984733302525,20.498586368270708,61.9217681172222,90.93664357767409,48.184326421098376,10.91718073557945,4.367685117287124,2.5584425099669943,59.983188743742176,17.220400504365102,70.00397496934113,123.69274962752115,65.9675693642514,104.96378200230185,113.69140668634657,21.90129435368749,12.792013112220616,50.01391559270985,13.58113170810509,7.2955982030754285,115.91006366556257,18.007727224175483,84.22372439101684,31.77772881750184,104.67868221656943,37.29716695126069,53.01045899300391,23.918447946601077,13.971985744965991,3.575595882227276,76.49427185073432,18.933170111812046,38.44011834603975,63.319432273242796,91.07829174580354,13.705774964536545,46.05775314573077,12.710330190994341,133.99273453320063,76.17607853950699,21.989133843953255,75.08790066843767,27.484348115174498,75.39609464820319,92.02603791841375,77.75193398974625,64.55511108768223,60.87380511985498,18.07415971968726,39.83183403236819,53.89236558954417,78.1630451624577,85.01779459170416,47.932817937384925,63.2440875970741,46.39533820861675,68.8042982817932,75.42672065723866,59.34064811151461,36.318364526635264,18.269736736457276,25.674451809656034,12.408467062418481,60.7689451205797,58.13303367185006,19.91394254830118,97.77297904058946,46.18699558556068,43.0325547102309,70.94618839894099,19.501327696397993,118.24918022707607,108.86861296238953,56.36676640629935,17.65215805790899,95.7083835817673,77.07715765640228,46.431356685801234,70.72251004517648,55.03205814113585,81.38549830885836,45.622969156909335,92.28019111743333,37.28670029087505,65.31586867990495,43.85024498296957,26.75670857349212,58.56631071307163,48.86469248626224,17.59970346743262,114.14660473226797,40.2051058734794,17.24238026435114,45.70890571485393,78.97138850906947,45.89458367457746,124.82246215237456,60.98922103308098,53.43870249088286,84.79768637531288,92.75130426640908,78.91017587888757,71.90805493168705,98.39352205788543,80.51482144998704,79.58753477917026,34.14728944662909,65.03441775425131,13.911487547193815,33.788748319531805,52.26634234305459,11.692903104492643,5.643594352243781,1.1838322503762129,16.368199742587763,91.18703581907141,55.62587385663767,24.387975496817376,94.86107099589026,29.142651464961773,53.60501213111979,8.417245511537203,3.8643110226180397,63.75723898131787,98.86248844477007,67.49749654758011,67.09792239819444,86.5577673041214,13.685839745096246,74.39620201775926,41.97972799273248,66.05612575109922,17.745905598851778,41.74140342729277,78.0215948829557,21.14107397611133,10.407486365092723,111.99858431193036,33.739404415225295,41.564078081705134,9.052911999687012,24.901817950321743,75.22507460098075,38.22883950505877,77.20134322989509,93.28449443163208,38.19367604792012,111.75404045928292,69.5152798464652,68.75020730785445,22.9687370172245,43.50586376503986,110.25064546582848,51.95290042978809,84.57494763622753,25.797367546627356,55.08811928724799,23.761466831135976,5.115268457885804,1.6514596508152408,78.2980252834709,54.34094293417718,56.4548597463579,94.33328497955233,48.16666463911133,32.369827961013584,14.498679253593991,77.45331068869496,34.88885897299076,113.88907736378121,44.65728988144599,72.55165407163042,67.51924687133544,54.13837324916642,21.413751371156764,71.2646975513303,41.271055138717315,31.359554130163133,61.00979841106766,24.51011184311278,43.4853494015174,107.98508732500682,15.555543751905134,43.35369032553956,31.18882704078112,68.85821952983918,86.11178618606584,12.562593435508347,3.1048046113098735,70.09399184651465,14.68925444490094,3.333009911982913,29.743387405180783,5.07755130544831,71.19040136588012,31.769212331620565,81.92541518992857,31.919863690359307,66.28195530978587,112.53431133733011,26.3455091861249,36.31557928835616,75.02946543248117,24.790656751872916,72.9593909876653,76.05319899779931,41.757528130553624,16.42401959132792,17.01959303971057,3.1697019930614942,20.396185457323554,6.128937704939176,75.52149654573384,17.163465982326557,94.49681899256336,31.93438357965499,96.7460772469401,84.22812403782643,89.73083682164975,49.86714687177471,77.12827333004725,29.199489954823093,87.68648288916654,23.979470253669433,36.07415940821534,30.651979878048678,11.378935181203815,82.54686510062493,28.18859523539993,27.53581205267642,48.25799246070369,64.46541101586342,33.02781521936174,49.812474226047016,12.272231764816638,5.949134806625125,1.9109499538274122,70.63105412936295,12.083116806016506,42.39034852152736,42.4398094813065,29.28782509043242,16.961339929208975,58.5641660270619,85.42421871987904,87.58668369389204,66.75800132109248,92.79320173572432,55.73692800782692,39.91598413932661,72.70345336095829,48.72891706206474,24.575098459721403,87.18081474001406,97.79653165163825,45.639867012557715,34.07612909128068,57.603140897122785,17.427954422817265,67.01155261098063,38.03600837601698,42.23892273248066,25.791962067115833,7.807920119413097,70.94516120834533,56.73914194210488,19.16476352216921,53.79684403106626,108.79671137376249,60.686866270761925,7.668448061908975,55.33106925844277,66.57875385555644,35.94099632363498,95.92171525180049,67.2648933329665,21.54488801646778,70.45615973703411,18.545227786904775,39.653564515314315,10.661517783533895,21.000320759392707,13.332843133512029,82.72633989326528,83.71026177284295,62.717973234157625,21.187732354279547,65.28858900661066,37.268620542862436,94.9455803977014,92.45736652040898,86.07088083097472,23.904070209559677,96.10009902572915,55.48483823985066,109.2964901585458,87.60460180694292,56.164785169188235,50.96927544587595,32.307832874136466,76.42047613300315,29.349287642224,64.58900966164799,22.298960650208073,60.75008820269602,21.225357006520312,51.13058216034267,10.791014714021344,18.697519160299066,56.927940936866776,97.71088339080973,13.915570191918164,43.09458060709892,63.50635141345492,27.250956129698807,40.07864219453609,10.698226143094189,17.39130161520211,51.00381519257439,33.0828013194116,76.1824275101128,11.96343958119212,92.91512482583948,111.13954515229182,50.57976863932072,17.096105346858508,5.411236876846488,90.76769391075345,54.31701467147877,14.817973306076624,69.31005006586793,80.95525546540739,45.02601250554346,37.784298937204994,61.17119492142501,75.14254525102467,82.85106156564257,47.132545317886525,104.02576463519529,20.733356037089152,50.32229459420046,63.48436248394307,61.28744517229222,52.30772617829314,13.232850017920896,78.76291793117866,12.291842877635418,74.16608744352493,33.760759810219156,8.888313476446683,55.649154483637176,74.58883661714947,62.309083709913125,90.80224428195027,29.75848731132885,9.138287166956502,85.80394240145586,95.74091996887125,41.60961065276797,15.56914862430449,77.1144072933472,93.04022642461132,36.84143721297971,89.35759970008314,67.13991124402992,78.30408398269276,43.30030404122135,46.09425156561201,103.50028484038239,85.82089755448624,27.61533173911505,83.06707508382306,24.34362013059581,43.937114383824905,79.12434894210594,48.81313014820762,53.40506312396906,37.35376077596072,40.75803863753674,33.20849102520026,70.62651859738719,28.363333792563367,104.43975587271586,21.53429829701861,40.50659465254432,8.118921464251002,60.540229353319205,38.69901080425143,53.21865817450214,64.29890891613991,12.3640889477972,68.73790795797822,122.02121615534065,23.688861585182394,41.54606990792274,64.56401065272371,26.85810565705242,96.5509213255798,49.01817859185496,89.49394503262761,121.04140376347846,48.70956968354858,71.73973703713966,88.60192714731625,79.63661475900017,60.026188253300575,50.72361131639116,23.77871673969787,71.0620373157916,49.548053792372684,24.541648318731177,67.97136392663901,23.855196425895315,23.819208528669947,16.084406100055844,17.478549449253933,92.52192467417376,29.980417195304085,17.168084920138313,53.68443714966645,9.142422608149332,90.47018291464303,19.76128015485972,5.702353131909263,90.47243753089299,71.49405449611743,38.96187632403337,48.116526038240636,91.08485983794185,49.72816454051451,126.98312708773642,39.89885216699747,112.53792634513547,71.9793325127041,64.95574768701806,30.878589270194198,103.15054826149333,34.020265815708626,72.79955676143231,100.76204256621986,48.192574678315054,53.560638240216576,24.459647628233483,13.705989801437681,90.27674471423632,100.86322219849274,51.54842861275063,77.70604908488701,13.226588391585665,32.0862181761139,9.73670885423769,42.16010428913364,13.064843917005987,46.03771519724546,84.05215802542034,54.17977266287107,100.23765855061663,85.1243048923269,50.25340637675026,83.71660223165225,30.157182558310637,45.518196518781906,62.32223805340334,93.94453916783982,19.61599447842582,92.01366952349667,47.25320577703542,86.41044238046607,48.00975440564946,30.936009026716874,27.895286072158797,72.5398668270899,76.93948240010934,37.917802805258134,40.46487100608829,76.02753185392885,24.72609435252639,50.78157086594581,108.06889905860623,24.393447803611025,91.7131349603045,44.73838590394803,68.98482943778788,17.520921928764096,8.90148266480719,85.48129063313013,90.69269656749316,23.951970001473,51.84515607452158,77.33686007670406,23.881400763163015,81.7159945473611,37.07909643468349,104.41387825935931,16.64795775717016,90.29154310999661,74.30480271572003,74.47721397028772,20.173057851428666,46.554222955709406,66.44683271610063,26.16070896361248,94.22784328723037,100.73227626179187,30.733362958559724,61.366583573246544,64.21317018973127,71.20282511969424,23.535871701220685,108.81899713702171,71.09005232726247,37.581747400338486,6.251642602553829,90.54248668944945,17.197646933174724,56.2363056110097
,351.22699999999963,204.54278258194643,119.14420141941264,45.75047516782388,81.35234273432184,43.72137963590205,11.071333258871618,19.4770711086868,61.93362939946087,19.274983677338355,21.015727388822597,3.9054204656025604,81.23535692036455,87.07597212122289,91.48887945033835,45.425435729586525,9.191457756325235,67.65905901364454,84.94450994741271,46.99789131382124,18.514513197257997,64.17808318249934,51.091868861133094,14.743797145285043,27.585951139964436,65.46643416115023,60.64793551161017,93.65482188415615,41.009576265378655,15.127293414124551,69.32810850575856,72.1132674856724,42.826135270991244,110.94929001389812,14.939554903362819,51.8223093373,33.90255685556451,72.28056910200155,23.016748385555502,55.765998815050125,16.80086408658576,20.502162357256907,70.05253908974805,109.7439639943052,71.87866681670994,68.36465858788108,79.15026062147263,55.83412319364891,57.24863719981795,22.671416759601016,5.556729456151288,79.84393482638166,31.296389492277967,71.37935464451971,64.6991498893916,62.79050420173655,66.93623782444956,19.895750782786536,7.770237592925582,34.30444340870838,7.8098899832612005,86.2312243641569,72.38998236663235,15.089261051917106,4.8982871141864734,74.22439795074058,22.134242625604998,79.92739051406784,23.072117823127883,95.82481815034225,61.78158061255556,97.57302050595831,87.67642098215367,53.75812500760014,57.91379147191333,41.379132663470955,52.09392264775863,66.1152277280438,41.89074606690656,52.037531544607646,19.179852331374832,90.05060747530183,31.036449119438885,46.204945657163535,11.65031644950443,23.610412459761164,82.38154727733479,9.287445233516792,86.08998551452078,83.64387232734498,54.91728380595089,54.57285293452844,15.590875897673982,12.191542857382046,89.47242736974135,59.0524770609245,21.183747291090754,18.168588177007223,16.155324057805274,40.40668336868873,21.55579245910951,38.45909892835505,15.524772018327553,87.9923108572192,89.84897388457443,42.76953981421616,66.02980373043283,73.68616624083711,18.35745729129121,81.8743320736694,21.044360910899286,43.56278649907483,46.44601748583432,59.596439477189506,16.88659647965983,46.87741907197915,84.02333245918044,42.012824067495444,71.87224733028404,61.81139531049439,12.077477544628664,67.77190309154491,31.8710589658009,76.88245666746207,103.1634887886056,32.46089662776592,79.39833833939599,56.78332560623676,90.2816175472575,24.610818843312586,66.71664841728864,18.513958107611302,35.19353911977828,60.95961521826757,25.14811202194312,31.992407832397816,59.45775961591721,19.528562721388766,12.76151963803818,87.3911438337434,65.78889711741874,20.868852155805712,119.42676385961181,80.50432380458926,19.23153221211828,45.23739666972824,18.60901800376155,42.9545088924491,61.85239925533074,94.97844753778861,80.33213110724864,27.17385129463412,83.44437794024611,40.678552166886334,36.124261964564084,33.873285772393615,23.974302479647577,29.277837639016184,120.58791250436525,61.33965315021726,16.57034268330824,81.23802369505904,20.023824848583672,47.74570250969202,23.963012546474374,49.26729314578267,91.4624224719779,67.59938495668484,87.14650634835459,50.0335456804396,91.5257316475828,21.044640210733633,72.82468008575722,85.02045624651237,26.381153577399004,80.70002135552704,28.367733194525044,67.18414340481002,103.56728506430045,76.11838906770504,74.95677436946858,15.616296581653273,5.208008698049298,67.95616871330958,61.66346735719867,92.91403958857074,44.81196450286677,72.13384902535665,33.61300560959262,87.06946680918077,77.32615837501191,13.740628730176923,6.6544332016338785,42.8575991194416,80.72172728590635,112.35234167938506,48.2119250033237,9.71191670970245,47.5656896438403,68.49246676200858,12.972742850022769,35.044333144971006,88.9672051884744,40.278981441852125,28.285108464394284,79.83610546556986,34.21562739313924,10.629816776114808,5.310330941599432,132.25104216870182,33.0916255517584,13.59144212052945,131.0442833185457,71.02144035373612,50.94945719021291,97.46310213138645,45.49780166413075,20.2075810605902,18.556397547100573,79.16057074911521,20.654396223542676,37.9994495417709,23.614983750540773,95.19312096930378,47.07992833622393,50.74824983342319,18.333896891174618,84.09597940344884,29.13444646766129,14.344183402662225,50.05959307563364,25.674691264270223,62.77244946098165,57.135677082241386,12.783695623601488,24.61704913144797,6.8543217948396205,61.05153742520906,61.390628848815595,24.434433267680788,41.825220857636964,23.47896813496027,118.61010377058074,86.16054012024358,37.657825792084054,14.082255794034381,4.432180161176802,76.60411631101078,75.93055654685509,49.639287878728965,16.93287279155345,2.9144354972850124,66.71405903443303,35.23241952839203,11.448521097543107,74.25635818429089,57.28312519476208,91.01728749327674,56.92372001982608,65.57309841670644,92.9740926216407,41.66035410127404,69.60958984949116,19.073086289735443,8.848577592641846,3.564253512228447,31.89314941241662,84.38816290985653,59.15329009748075,66.02934759608581,66.09045673584012,45.04108405264458,65.05814342900044,74.25978729638598,62.264783506503704,48.09855662050893,57.959714336484694,45.83310162430132,88.0097010167716,71.46031987571939,21.51689330072054,27.490798599887057,61.928366941061995,84.3201259326803,50.803284243062535,92.35167467551344,68.38759645479524,65.59196357467602,91.96419096178772,75.05046264096302,26.106343809900523,88.23456828274266,29.827835389404527,109.09827271585209,71.23665582818842,68.31299872082013,74.15783074208548,25.655161629561007,81.84473439201531,71.9566402479262,71.02441369048461,33.07543280963216,74.81802131974416,24.302960255942367,43.63786476744383,114.68445051313597,14.658086255916032,38.39787315679769,62.071758632731076,8.512136557965277,64.78339766095132,54.14597209353758,91.20138866864761,40.353056814699585,53.57869210328329,26.16126561405531,98.20992654250608,25.17632183835474,92.50795052199317,89.01348333939904,42.87276683561538,65.43177435471716,58.48149450581445,60.53794475936843,93.6776781091994,38.121718387084115,14.332661568165122,7.526877891606091,15.58972745085589,81.78279664056606,24.822820336969016,84.06999614966742,32.009804271039116,98.7597297658607,43.12857991335659,103.75755890066978,52.55349145832315,51.72358602600195,8.97344804690215,4.955910211555533,60.56834981665543,78.034344078667,56.32996536946132,29.156682754877806,61.234145826368945,26.97209690825764,14.82004564607189,97.80645808972497,100.09650658336409,29.61725328540001,63.13686945570896,36.33603381943874,33.31008384019617,60.82171733545147,9.788440664885002,58.236296398382706,98.10228883496495,60.95379183154432,85.16872218760977,58.469182930648344,17.41980761434445,78.0413953744303,14.11518952278118,20.051224914068598,74.10782826332695,42.82236172355567,73.14669555324906,15.092280251116335,24.7606118810221,8.17131048697513,90.70479104746732,103.73074133671639,29.301283497958366,93.25538260670635,107.2591798859371,71.25143974705918,25.101118187026827,8.381216439843456,60.36805306142162,86.42154402312644,50.77922913338182,28.511674962268444,52.93071053888366,79.16544362779939,53.168767357652314,45.691892995166995,30.64342792342177,72.77699747314239,95.83462136744538,19.098761316588025,61.97647763181715,65.8775089389211,22.15127193681178,8.008093105318153,47.13682149516433,20.048273728328923,61.57633698711925,95.77233732112938,15.639628014325353,24.787722518683722,64.42267459584878,71.98847068385669,101.25670764505435,55.605548258047065,107.56343749040605,52.902249429549215,68.12589640125577,59.577987449573016,66.19588577458546,97.16819012008364,28.14692645894229,39.347417251080856,71.209199056226,41.6066786014477,63.86804457895494,113.36928688745104,19.72910941246107,7.501078279771718,4.01737116422305,1.5083565305873208,66.06528286784146,54.679892425833486,10.735497340117718,23.416746241128635,56.22513035151087,84.08835257326916,33.97415092185622,51.333872184246616,49.02983272625045,43.05114499886315,92.18299258825175,78.46188716624738,35.007257672968194,61.32456675563424,48.20354924129481,105.58547206671528,64.21350738696003,29.32769839263392,11.757143522007027,91.88208581922186,69.74780395548521,47.58513302526865,71.83818606776003,29.506355732438692,6.835333158394519,74.99488365128889,78.90301762327817,53.43627441615695,42.91055033132943,60.93036022167166,18.46077375643165,39.879422743177656,10.205382681771539,74.01998523461896,94.75511931219182,45.132334743305364,46.64516305942368,82.21545471815557,60.854156769179895,45.47641665074548,48.19470146772608,26.187582939031017,9.083903453095331,69.21399220863532,47.67317814059618,73.53342142027748,37.592934274562936,52.91064708920214,39.97878752415818,99.89656214871229,108.89893635954957,22.602356260968577,6.627910835749958,47.8268266714897,71.71068313234332,39.035672369532335,48.86351509981807,22.40283982351673,77.92709334944436,22.666895266133565,94.03837892070976,69.63160359420795,58.82724865047237,82.50909697732925,52.240635931222755,20.498041388560637,61.92091560719598,90.93616203184638,48.18383822521912,10.916145052458319,4.367544983525022,2.5585345706609814,59.98231471312624,17.220503200464464,70.00437634386878,123.69313805314812,65.96825252238864,104.9639443376542,113.69180835828638,21.901799654949286,12.792098270522501,50.01386913076874,13.581046397052091,7.2951920624751665,115.91062200590909,18.00794475932696,84.22401463237884,31.77947220943338,104.67702027418159,37.297530334803696,53.01064836564228,23.918953299636428,13.971803762899754,3.5758092125836356,76.49423246645779,18.933070876309102,38.440819455783526,63.319902827358874,91.07857934499782,13.705207970350557,46.05764410334962,12.710178930164147,133.99228471583592,76.17801096105438,21.989288976769785,75.08807696891802,27.484218505663875,75.39656767256383,92.02650411684999,77.7519328564282,64.55340644586579,60.87432221856636,18.074093735379392,39.8309054240608,53.893274896440516,78.16410601400173,85.01805351898224,47.93219546888122,63.24529494342676,46.3937170405884,68.80646682888482,75.42705915020588,59.3398856286268,36.31850095975403,18.27051359948564,25.674041510038478,12.408064256872422,60.7686064572963,58.132120548582066,19.914114239881314,97.77208811169385,46.18732090689491,43.031512970899826,70.94638449845468,19.501779421182846,118.25057999212481,108.86843508098718,56.36709237551588,17.651569081575076,95.70987743579121,77.07752315008759,46.431855415349105,70.72212154027807,55.031953927718064,81.38712983695177,45.62164562157318,92.27991706106673,37.28784859016605,65.31698687603921,43.850693339039026,26.755661052151368,58.56721159706376,48.86461318564545,17.60002260785359,114.14710202275171,40.20631958228057,17.242073044395852,45.7084757864759,78.97075931745087,45.89431435385529,124.82328944776202,60.99169284687014,53.43698291753867,84.79727450366659,92.75220003264155,78.9093214017862,71.9079114516336,98.39434702355129,80.51438945681957,79.58754079537982,34.147543109828575,65.03300528782233,13.911950524205167,33.788582706297575,52.26625896556004,11.693527475910287,5.6439000798823145,1.1839571339723989,16.368178291561776,91.18773216845295,55.62607256439446,24.387893734424097,94.86062407117083,29.143066430954832,53.60433412387613,8.417118539064973,3.864189997741505,63.75758425415893,98.86286439992523,67.49727991901625,67.09741862957867,86.55725992206669,13.685974755271104,74.39433446802013,41.97968649116797,66.0570209629168,17.74612558497745,41.741939510821794,78.02132377266264,21.141183903404,10.40764533589811,111.9985591529379,33.73959370348041,41.56405149601369,9.053441419703518,24.90186286851747,75.22524123308517,38.22896993243194,77.20083126788666,93.2838193366083,38.19284271282902,111.75539103874462,69.51627245311238,68.75004418647586,22.96829471564547,43.505789452513454,110.25126401524687,51.953090676949046,84.5743188521642,25.796619804239754,55.08836067482116,23.761764641404625,5.115074865966221,1.651493465903286,78.29863321407447,54.34090855969305,56.455682356100965,94.3329511519546,48.16562841662312,32.37037337577408,14.498328308827809,77.45313215329622,34.88889226208835,113.88998355035517,44.65776344368817,72.55039422428104,67.51959167799237,54.137355371262515,21.413049077870028,71.26502128684797,41.27049078226912,31.359271661255548,61.008734340691376,24.511577629074623,43.48660062047816,107.98591955621293,15.555216737267301,43.354272038123895,31.188603146140395,68.85938801189116,86.1104928790578,12.562733587768662,3.104793159564565,70.09461374428884,14.689163172444864,3.333300466136393,29.744342233774205,5.07747296919365,71.18906057841502,31.77020693545444,81.92410233634985,31.919301080766672,66.28213378186513,112.53577121714159,26.34546576305263,36.315738570161784,75.03072183602762,24.790813887283434,72.95723760569558,76.0536223525695,41.75587752069873,16.423821349155105,17.020288644358743,3.1700362727590345,20.396463057595042,6.129137554110116,75.52135408972345,17.163306101772605,94.49564421582375,31.934973215461014,96.745787856128,84.22889767726508,89.73093189970359,49.86748967625249,77.12930198661707,29.19939658641033,87.6853781749528,23.979246999116185,36.07452778712286,30.65230823779177,11.378772719773679,82.54726813184845,28.18817006579866,27.53560425172043,48.257879379115934,64.46533191441938,33.0290335252937,49.81311254353727,12.272262280540986,5.948874727997577,1.9107612084857237,70.63039883283341,12.084106043355405,42.389769893934954,42.43848361831783,29.286992627841755,16.961134210106025,58.56429174369191,85.4232559506288,87.58450040288801,66.76038981712816,92.7926914401379,55.737029576859186,39.91500774140172,72.70361250721078,48.728848891557504,24.575224685307262,87.18083378511926,97.79800958395879,45.639027533962576,34.07648382221316,57.60314509915179,17.42828584178949,67.01192998385875,38.03576562036608,42.23853324327206,25.792206609269556,7.807665782770869,70.94513301168706,56.73896466392546,19.164530994483584,53.79633956456905,108.79669708020413,60.686026979529174,7.668189230520738,55.331107089222655,66.57838695548446,35.94161866030038,95.92076325005564,67.2653709077988,21.545575529617395,70.45538589337002,18.544748832284995,39.653115546035224,10.66123770614638,20.99953378403859,13.332440199623875,82.72661588807773,83.70994749058616,62.7175351415583,21.187658524232234,65.28911601024208,37.26909332109642,94.94598284630001,92.45751757958067,86.07083202272179,23.904595067277114,96.10005943236047,55.48430281417916,109.29654862418465,87.60611580595605,56.16496836262945,50.96942191710684,32.30874063618808,76.41935399952865,29.350005536312096,64.5902932380277,22.298574193952618,60.75072893824404,21.225349053158766,51.130612944656605,10.791563017248905,18.697177061148636,56.92773642946554,97.71076024789136,13.915938423072248,43.09384564320567,63.50724572863942,27.251338713115388,40.078413509990696,10.698569033063336,17.39131021486037,51.0038905566056,33.08303835292804,76.18243061082183,11.963790073898167,92.91636693779526,111.13882192519861,50.57976091130615,17.09530292031286,5.410954053691285,90.76723412837055,54.317362589767185,14.817382423576191,69.31118125411854,80.95486697524916,45.025029995294176,37.78433551866647,61.17048008052245,75.14343431583211,82.85191073336136,47.13192582944953,104.02617327345854,20.733652648013276,50.322717294031236,63.48333648730204,61.28807904041355,52.308104954529995,13.232814408957552,78.76348620745841,12.291610491082793,74.1654367973614,33.76087793922227,8.888509471967495,55.64895997161898,74.58719158533472,62.309572745676064,90.80347575644089,29.75833377598019,9.13841730664467,85.80389415834452,95.7411391218028,41.60955061092466,15.569179214351607,77.11429876087266,93.04073596316607,36.84239335646066,89.3567351700317,67.13937140616122,78.30430296509496,43.30014211001901,46.09440719755298,103.50127830275699,85.82058813018944,27.61469689614944,83.06735113669743,24.343756699697337,43.93754439022109,79.12379519404897,48.81201052354356,53.40574006446559,37.352909259572925,40.75780369869483,33.20812036375821,70.62744119902743,28.363088949657026,104.43957759516536,21.533654641596286,40.507250663595414,8.118498383087854,60.54116312690792,38.69810074428722,53.21830890273293,64.29834712620448,12.3638778467988,68.73759167658511,122.02120356663261,23.689485125038118,41.54961833002619,64.56275961243375,26.85716585184298,96.55176715597054,49.01847453589767,89.4942700380193,121.04093193770234,48.70954303238739,71.74009511030602,88.60321395672725,79.63491850664786,60.0266053979675,50.72376200682379,23.779752818034012,71.06272570091778,49.54811303388908,24.542292825710888,67.9712984985481,23.855480677225614,23.81935908746459,16.085004294407327,17.47902445926684,92.52003702724733,29.981665562097078,17.168960486940364,53.68307521646716,9.142707583469814,90.47017411709658,19.761447338176595,5.702230502890075,90.47151038029892,71.49514631123213,38.96108651243776,48.117098957845315,91.08487292221798,49.72840219492082,126.98348586441921,39.898988193314494,112.537977631236,71.98002892901843,64.95542110986446,30.878452981143937,103.15015940307171,34.02014573437077,72.80023208223736,100.76194381882738,48.191322036868655,53.56260853912511,24.46143153491937,13.705993586903446,90.27734037111281,100.86495049087102,51.54888650869327,77.70378009025524,13.227259129600156,32.08651094289962,9.73690539802567,42.159615390596855,13.06518183376238,46.038320752624486,84.05393672008313,54.1790369842945,100.23725274696119,85.12426692538122,50.25252228424699,83.71522740871967,30.15654067105254,45.518846511486345,62.32184689615974,93.94556383293457,19.614594406914875,92.01143906275854,47.254622247081215,86.40940961123931,48.00993676668725,30.936666627679074,27.89512620070252,72.54012413936641,76.93893699110617,37.91841123645088,40.466229444490295,76.02536189540092,24.72505284838121,50.781958411103574,108.0689295045961,24.393512072119165,91.71215896059164,44.738614383219215,68.9860117504644,17.52149282279663,8.901611117758193,85.4820120877713,90.69182558667285,23.95282269728102,51.84406483518751,77.33633114568784,23.8809302271394,81.71595083132013,37.078462322183896,104.41522522700723,16.647937817516663,90.29069655671742,74.30552640294434,74.47866176343803,20.17292259408032,46.55320947742723,66.4466324874503,26.16023621943964,94.22759058027611,100.7325146186289,30.732973162597546,61.366971088510354,64.2124422606471,71.20290247088292,23.5358276166246,108.81881009268875,71.09042739841686,37.58152808909006,6.251590039608459,90.54305144143802,17.19796656484607,56.234471191508305
,351.22699999999963,205.6239999999999,118.33400000000017,49.12300000000005,81.37299999999993,44.98000000000002,11.326000000000136,20.11400000000026,64.89499999999987,18.845000000000027,21.765999999999963,4.444999999999936,80.89600000000007,87.35400000000004,92.50999999999999,44.3599999999999,9.329999999999927,64.84000000000015,85.71400000000006,47.293000000000006,18.38900000000001,62.27999999999997,52.01999999999987,14.089000000000055,31.50999999999999,62.49400000000014,62.43799999999999,96.30100000000004,37.61699999999985,16.152999999999906,69.0139999999999,71.47199999999998,43.127000000000066,111.95600000000013,14.960999999999899,53.216999999999985,34.4670000000001,74.06299999999999,24.43899999999985,53.99500000000012,16.517999999999915,19.94299999999987,70.697,110.45799999999986,73.64700000000005,70.85799999999995,79.48199999999986,56.71199999999999,57.641000000000076,23.440000000000055,5.892999999999802,75.97399999999993,28.272000000000048,69.30499999999995,63.89499999999987,61.204000000000065,67.5920000000001,20.51400000000001,8.779999999999859,33.09100000000001,7.153999999999996,89.33000000000015,69.79000000000008,15.396000000000072,4.982000000000085,74.0619999999999,22.72499999999991,79.06899999999996,23.312999999999988,93.37300000000005,66.04099999999983,99.101,87.42399999999998,53.22300000000007,51.72199999999998,40.60900000000015,55.340999999999894,65.88900000000001,45.24400000000014,53.34100000000012,21.421999999999912,90.78899999999999,32.378999999999905,45.208000000000084,11.06899999999996,23.951999999999998,83.83799999999985,9.521999999999935,84.81600000000003,82.90600000000006,57.85399999999993,54.469999999999914,16.170000000000073,11.878999999999905,87.74199999999996,59.10900000000015,20.216999999999985,16.76900000000012,16.843999999999937,39.702999999999975,21.91300000000001,38.71299999999974,15.59199999999987,89.72699999999998,90.50700000000006,43.24299999999994,66.90099999999995,71.92200000000003,16.954999999999927,84.27000000000021,21.28999999999985,44.408000000000015,48.04999999999984,60.382999999999925,18.30999999999983,43.98599999999999,82.22299999999996,41.930000000000064,70.52600000000007,57.87699999999984,12.884999999999991,70.596,32.88199999999995,72.55600000000004,104.58200000000022,29.52900000000011,83.53499999999997,56.38099999999997,91.96499999999992,24.10600000000011,66.91199999999992,19.715000000000146,37.19800000000009,60.591999999999985,24.273999999999887,32.995000000000005,58.64699999999982,22.33299999999997,13.277999999999906,89.86199999999997,66.26600000000008,20.97199999999998,116.94600000000003,81.91399999999987,20.50200000000018,42.17199999999991,19.87099999999998,41.00800000000004,59.15000000000009,96.85399999999993,83.2159999999999,31.298000000000002,76.7779999999999,46.601999999999975,33.634000000000015,35.77200000000005,21.979000000000042,29.31499999999994,120.87099999999998,61.64999999999998,16.614000000000146,82.03499999999997,20.21799999999996,48.42400000000009,24.387999999999806,49.447999999999865,91.79100000000005,67.21499999999992,85.85000000000002,50.104999999999905,93.84500000000014,21.199999999999818,70.52499999999998,84.59000000000015,26.543000000000006,78.35900000000004,28.995999999999867,68.97700000000009,105.19600000000003,76.09299999999996,73.62299999999982,15.490000000000009,5.7970000000000255,70.13400000000001,61.2890000000001,93.28399999999999,45.422000000000025,74.70799999999986,33.572,83.71100000000001,78.24800000000005,15.259999999999991,7.34900000000016,41.535999999999945,78.00700000000006,113.899,51.14600000000007,11.812999999999988,49.33199999999988,69.78100000000006,12.20000000000016,35.43900000000019,86.99900000000002,39.664999999999964,28.283000000000015,82.42600000000004,36.84899999999993,12.985000000000127,5.942999999999984,129.40599999999995,35.38599999999997,15.440000000000055,131.3330000000002,73.54500000000007,50.09400000000005,96.45800000000008,42.25,18.897999999999797,17.870999999999867,82.91399999999999,23.190000000000055,35.75300000000004,24.296999999999912,95.24400000000003,49.24000000000012,49.40499999999997,19.47800000000018,83.36700000000008,29.046000000000163,13.994000000000142,52.55600000000004,26.985000000000127,61.142999999999915,58.793000000000006,13.372999999999934,24.826000000000136,7.002999999999929,65.66700000000003,61.058999999999855,24.716000000000122,43.05499999999995,23.784999999999968,120.019,86.73899999999992,37.64599999999996,13.687000000000012,4.54099999999994,74.19299999999987,81.28700000000015,48.35500000000002,20.162999999999897,3.491999999999962,67.26899999999989,35.313999999999965,10.625999999999976,71.97300000000007,58.22300000000007,89.83100000000002,56.27399999999989,63.65300000000002,95.73899999999992,38.92500000000007,68.64000000000021,22.555000000000177,9.726999999999975,4.201000000000022,28.763999999999896,84.61399999999992,58.247000000000185,69.25199999999995,62.909000000000106,45.11900000000014,65.52600000000007,74.8359999999999,63.27399999999989,49.59999999999991,59.04299999999989,44.44200000000001,87.62299999999993,75.83100000000002,22.84199999999987,25.121000000000095,58.801000000000045,83.30500000000006,52.90700000000004,94.26899999999989,67.43399999999997,63.807000000000016,92.83399999999995,74.12700000000018,27.591999999999985,88.74000000000001,29.645000000000095,110.35400000000004,68.11800000000005,68.43600000000015,76.46799999999996,25.726999999999748,81.577,76.93200000000002,70.70700000000011,34.024000000000115,75.1149999999999,23.472000000000094,44.85200000000009,111.56099999999981,15.809000000000083,36.54600000000005,64.11300000000006,9.851999999999862,62.40199999999993,56.09299999999996,90.88200000000006,39.47200000000021,53.369000000000256,25.266000000000076,96.09999999999991,23.984000000000037,95.92999999999984,89.21799999999996,42.209000000000174,64.9319999999999,58.79700000000025,60.16599999999994,91.50600000000009,36.71700000000021,13.75799999999981,6.198000000000093,16.565000000000055,87.04700000000003,25.603000000000065,83.55700000000002,30.70799999999997,97.0039999999999,42.16899999999987,104.71199999999999,53.07400000000007,53.579000000000065,9.269999999999982,5.059000000000083,60.299999999999955,81.24099999999999,54.77800000000002,29.521999999999935,58.6700000000003,28.787000000000035,16.300000000000182,99.85800000000006,100.25200000000007,29.813999999999965,63.301000000000045,38.283000000000015,31.868999999999915,60.99800000000016,10.31399999999985,57.678,96.96300000000008,62.30100000000016,85.53899999999999,59.795999999999935,18.522000000000162,77.67099999999994,14.126999999999839,18.576999999999998,73.34000000000015,40.952999999999975,72.1669999999998,14.383000000000038,25.871999999999957,7.079999999999927,90.43000000000006,102.97800000000007,29.61299999999983,94.18999999999994,111.0340000000001,67.33100000000002,23.507000000000062,9.244000000000028,61.801000000000045,85.03499999999985,53.53500000000008,27.483999999999696,53.14400000000012,79.8789999999999,54.54900000000009,47.93000000000018,29.435999999999922,71.803,97.13099999999986,19.66099999999983,63.03100000000006,67.53899999999999,24.089000000000055,8.354999999999905,46.335000000000036,20.394000000000005,61.307000000000016,96.40099999999995,15.54099999999994,24.021999999999935,63.65800000000013,75.6110000000001,96.16099999999994,55.726,108.17499999999995,53.691000000000145,68.44400000000007,55.559999999999945,67.41100000000017,97.01299999999992,27.71800000000019,39.74599999999987,71.19299999999987,39.966999999999985,66.5039999999999,110.52200000000005,23.652999999999906,8.700000000000045,4.865999999999872,2.0019999999999527,66.00799999999992,55.55599999999981,11.450000000000045,23.662000000000035,55.54600000000005,84.06100000000004,36.10900000000004,50.86200000000008,49.502999999999815,43.763000000000375,91.79100000000017,79.2349999999999,36.221999999999866,62.17899999999986,45.76899999999989,105.23000000000002,65.2389999999998,31.19900000000007,12.909999999999968,90.49800000000005,68.60999999999979,46.28500000000008,74.88400000000001,29.823999999999955,7.55600000000004,74.74900000000002,77.70999999999981,51.94600000000014,42.83999999999992,61.13700000000006,19.163999999999987,40.117000000000075,10.606999999999971,74.27599999999995,95.37299999999993,44.384000000000015,47.03800000000001,83.2349999999999,61.53499999999997,44.646999999999935,47.750999999999976,26.67700000000002,9.513000000000147,70.4799999999999,45.91399999999999,73.51300000000003,37.426000000000045,52.821000000000026,39.787000000000035,99.71600000000012,112.9169999999998,24.05499999999995,7.11099999999999,47.92800000000011,71.13799999999992,40.1579999999999,48.84000000000003,22.012000000000057,79.00400000000002,23.66300000000001,94.30900000000008,69.02699999999982,60.65100000000007,81.89999999999998,53.400999999999954,21.41700000000003,63.454000000000065,93.46199999999988,48.05200000000002,10.923999999999864,4.749000000000024,2.04300000000012,60.440000000000055,18.236999999999853,69.78000000000009,117.21000000000015,65.207,105.21499999999992,113.90599999999995,22.966000000000122,13.183999999999969,51.94900000000007,14.073999999999842,8.27699999999993,112.72100000000012,17.125999999999976,82.69599999999991,30.473999999999933,105.88,35.05700000000013,51.82499999999993,24.32000000000005,14.740999999999985,3.990000000000009,76.82499999999993,17.365000000000123,40.20499999999993,65.12900000000002,88.77800000000002,13.961999999999989,42.94999999999993,11.379999999999995,135.00099999999998,78.04499999999996,22.665999999999826,75.84399999999994,27.843000000000075,73.84000000000015,92.73400000000004,77.97100000000012,63.781000000000176,60.65499999999997,17.13900000000001,40.497999999999934,54.936999999999784,79.75499999999988,87.06400000000008,49.604999999999905,63.719999999999914,46.25699999999995,72.43100000000004,76.4609999999999,58.831999999999994,38.09399999999994,18.41599999999994,26.647999999999797,12.341999999999985,58.523000000000025,55.98899999999992,18.579999999999927,99.49799999999993,45.64200000000005,43.87299999999982,67.92799999999988,18.7170000000001,120.39900000000011,109.53200000000015,55.962999999999965,18.105000000000132,97.70299999999986,68.84599999999989,52.452,62.12600000000009,59.38700000000006,80.61099999999999,42.192999999999984,95.154,37.960000000000036,64.4190000000001,41.968000000000075,30.12999999999988,59.124000000000024,45.558000000000106,14.831999999999994,115.06700000000001,40.941999999999894,18.492999999999824,47.09299999999996,78.59199999999987,43.923000000000116,126.8169999999999,61.41999999999996,54.797000000000025,85.15599999999984,92.88700000000006,79.8040000000002,74.38400000000001,99.17099999999994,79.95400000000018,78.14499999999998,35.525999999999954,64.8889999999999,15.079000000000065,37.04200000000003,54.527999999999906,9.950000000000045,5.02900000000011,0.8440000000000509,17.88400000000013,85.90399999999988,55.980999999999995,25.073999999999955,96.79700000000003,28.202000000000112,52.37399999999991,9.298000000000116,3.785999999999831,64.3889999999999,98.43200000000013,67.37999999999988,66.49900000000002,86.93599999999981,15.070999999999913,73.35199999999986,40.112000000000194,65.2600000000001,17.298000000000002,42.00299999999993,78.28600000000017,18.75299999999993,10.803999999999974,111.16099999999994,33.82200000000023,40.98900000000003,10.187999999999988,25.582000000000107,74.83899999999994,38.692999999999984,77.53199999999993,91.35100000000011,39.01800000000003,110.42499999999995,68.43800000000022,70.40000000000009,20.36599999999987,46.7879999999999,110.73099999999988,51.067999999999984,86.72299999999996,26.833000000000197,53.84400000000005,24.882000000000062,5.3530000000000655,1.9100000000000819,77.59900000000005,54.33799999999985,57.416000000000054,96.17700000000002,47.40300000000002,32.83299999999997,15.15199999999993,76.71699999999998,35.46899999999994,114.85000000000014,44.138000000000034,76.53599999999983,69.17599999999993,50.428999999999974,19.79399999999987,72.9580000000002,43.86200000000008,32.01099999999997,62.469999999999914,22.96199999999999,41.403999999999996,109.56399999999985,15.493999999999915,43.922000000000025,30.16999999999996,67.82900000000006,86.04399999999987,12.919000000000096,3.4840000000000373,68.74699999999973,14.734000000000037,3.382999999999811,30.823000000000093,5.441000000000031,69.93200000000002,33.973000000000184,81.34499999999991,31.95500000000004,66.85299999999995,114.16000000000008,25.95000000000016,37.28500000000008,75.59500000000003,24.86200000000008,72.60600000000011,77.06999999999994,41.30700000000013,17.36399999999992,16.605999999999995,3.2450000000001182,19.462999999999965,5.466000000000008,76.23000000000002,17.875999999999976,93.62900000000002,32.53100000000006,94.31399999999996,81.15100000000018,87.83499999999992,46.85699999999997,77.31899999999996,27.679000000000087,87.10199999999998,23.7890000000001,36.79900000000009,30.263000000000034,11.506999999999948,81.58100000000002,25.826999999999998,28.223999999999933,48.548,65.80799999999999,33.34299999999996,46.77699999999993,13.54200000000003,6.285000000000082,2.730000000000018,71.19900000000018,12.49799999999982,42.041999999999916,44.15199999999993,30.020999999999958,18.01000000000022,59.68100000000004,85.4330000000001,89.03000000000009,63.943999999999846,96.08000000000004,56.812000000000126,40.02699999999993,72.4860000000001,46.68299999999988,24.667000000000144,87.92100000000016,97.64300000000014,46.805999999999926,36.405999999999835,56.86900000000014,17.082000000000107,64.68299999999988,36.11799999999994,43.26099999999997,26.982000000000085,9.767999999999915,72.07799999999997,53.350000000000136,19.192999999999984,53.569999999999936,106.58100000000013,60.710000000000036,8.856999999999971,56.478999999999814,64.16399999999999,35.465000000000146,93.2650000000001,66.91799999999989,21.06699999999978,69.82600000000002,18.969000000000165,38.72100000000012,11.089000000000055,21.679000000000087,13.34800000000007,82.36300000000006,83.88200000000006,60.64700000000005,20.71699999999987,65.91300000000001,37.24700000000007,95.00800000000004,93.86300000000006,85.2510000000002,23.55499999999995,98.668,58.000000000000114,109.0340000000001,85.89799999999991,56.68399999999997,53.46500000000003,30.928999999999974,75.80399999999986,30.149999999999864,61.63000000000022,23.40300000000002,64.20600000000002,20.150999999999954,50.164999999999964,10.990000000000009,18.658000000000015,58.15199999999993,98.51400000000012,13.827000000000112,41.87799999999993,66.14199999999994,27.899,40.16100000000006,11.625999999999976,15.299999999999955,54.631000000000085,30.619000000000028,75.88800000000003,13.220000000000027,90.957,115.11599999999987,51.61299999999983,17.765999999999963,6.280999999999835,87.56299999999999,52.007000000000176,15.798999999999978,71.67699999999991,81.01700000000005,46.850999999999885,37.664999999999964,61.37700000000018,76.13,87.28599999999983,47.254999999999995,102.83199999999988,21.573000000000206,48.924999999999955,60.485000000000014,67.053,52.47499999999991,14.311999999999898,78.4079999999999,13.175000000000068,72.93900000000019,32.98900000000003,9.495999999999754,54.913000000000125,72.80600000000015,62.387999999999806,92.14099999999985,30.74500000000012,8.668999999999869,85.21799999999996,95.20200000000011,39.27800000000002,16.922000000000025,74.69600000000014,91.66599999999994,36.347999999999956,89.32300000000009,64.81999999999982,75.01599999999996,44.53600000000006,46.66500000000008,102.86399999999992,85.48500000000001,28.313999999999965,81.18900000000008,24.201000000000136,43.978000000000065,83.28599999999994,47.447,53.20700000000011,36.864999999999895,39.83800000000008,34.37300000000005,69.7700000000001,27.313000000000102,105.20400000000006,22.128999999999905,41.631000000000085,8.509999999999991,59.61400000000003,38.90600000000006,52.22899999999993,63.605999999999995,13.865999999999872,70.03899999999999,125.23400000000004,22.876000000000204,40.436000000000035,68.83200000000011,30.843000000000075,97.49000000000001,49.99099999999987,89.84799999999996,120.48399999999992,52.8370000000001,76.26799999999992,85.70499999999993,79.46800000000007,59.52999999999997,49.53800000000001,23.464999999999918,69.68799999999999,49.49900000000014,24.392999999999915,67.68699999999978,25.371999999999957,25.729000000000042,16.07299999999998,16.673999999999864,92.55600000000004,28.649000000000115,17.57000000000005,54.09399999999994,9.600999999999999,89.27999999999997,20.603999999999928,6.175999999999931,89.45499999999993,72.20600000000002,41.517999999999915,48.16599999999994,92.84000000000003,48.74299999999994,127.12900000000013,41.14200000000005,113.16499999999996,71.84699999999998,64.61199999999997,32.95599999999979,106.58799999999997,35.678,70.36899999999991,98.73299999999995,49.6550000000002,51.353000000000065,25.045000000000073,12.735000000000014,92.0859999999999,102.23100000000022,51.777999999999906,78.827,13.335999999999899,28.22699999999986,11.029999999999859,42.014999999999986,13.73599999999999,44.83600000000001,81.32199999999989,53.625000000000114,98.34500000000003,84.38000000000011,51.617999999999824,85.32699999999988,28.480999999999995,46.08899999999994,63.927999999999884,95.11399999999992,20.60899999999981,92.36500000000001,47.81299999999999,86.95400000000006,45.46399999999994,30.02500000000009,28.481999999999857,73.1959999999998,76.74199999999985,38.87300000000016,38.928999999999974,78.09500000000003,25.291999999999916,50.66700000000003,109.57299999999998,24.507000000000062,88.33800000000008,47.55700000000013,67.78700000000015,17.32000000000005,8.646999999999935,87.399,84.947,27.399,51.11500000000001,74.57799999999997,22.003000000000043,84.31900000000007,38.898000000000025,101.74799999999993,16.912999999999784,94.68200000000013,77.82500000000005,73.73500000000001,21.388000000000034,45.14600000000007,64.53700000000015,26.00999999999999,93.05900000000008,101.495,32.0150000000001,59.43400000000008,65.29700000000003,73.49200000000008,23.637000000000057,111.48500000000001,73.37700000000007,35.580999999999904,5.587000000000103,90.89299999999992,17.746999999999844,57.553
,351.22699999999963,205.6239999999999,117.95600000000013,47.474000000000046,81.30499999999984,45.43599999999992,11.511000000000081,20.859000000000037,63.90399999999988,19.392000000000053,22.253999999999905,4.328000000000088,83.69800000000009,87.60000000000014,91.19200000000001,44.68400000000008,9.471000000000117,68.50999999999999,83.85000000000002,47.946000000000026,18.189000000000078,63.396999999999935,50.483999999999924,15.732000000000198,28.270999999999844,66.15000000000009,59.952999999999975,94.03700000000003,40.82899999999984,14.394999999999868,67.14599999999996,73.19499999999994,42.36399999999992,108.94100000000003,13.533999999999878,48.58499999999992,34.20500000000004,69.73000000000002,20.589999999999918,58.888000000000034,20.331999999999994,20.67899999999986,71.13599999999997,110.37299999999982,71.91999999999996,66.88299999999992,79.18799999999987,54.846000000000004,55.958999999999946,24.625,6.133999999999901,79.57499999999982,32.206999999999994,71.15300000000002,64.52699999999982,68.98400000000015,63.84800000000007,20.2589999999999,7.66499999999985,35.63900000000001,7.641999999999939,86.10500000000002,74.731,16.437000000000012,5.491000000000099,75.29999999999984,22.21699999999987,78.59300000000007,25.12099999999998,96.90700000000004,61.68599999999992,95.60700000000008,88.80700000000002,52.357000000000085,54.87900000000013,43.502000000000066,51.84999999999991,62.952,45.02500000000009,50.843000000000075,17.291000000000054,92.09799999999996,30.296999999999912,45.89899999999989,12.06899999999996,24.693000000000097,83.37799999999993,8.444000000000074,82.05899999999986,85.41200000000003,55.89600000000007,54.736999999999966,14.726000000000113,12.34699999999998,90.21499999999992,57.72099999999989,21.722999999999956,16.728000000000065,16.25,40.295999999999935,22.824999999999932,37.90099999999984,17.35099999999977,89.61199999999997,88.47000000000003,41.966999999999985,69.11699999999996,75.21100000000001,18.144999999999982,81.36300000000006,19.95399999999995,44.479999999999905,47.83899999999994,58.821000000000026,16.741999999999848,44.861999999999966,82.88199999999995,41.09100000000012,73.07800000000009,62.71799999999985,12.126999999999953,67.25,31.896999999999935,77.37,103.54600000000016,32.67200000000014,77.18700000000001,56.831999999999994,92.56799999999998,24.08500000000015,66.0809999999999,19.21800000000019,37.06000000000006,58.56499999999994,25.500999999999976,33.100999999999885,59.47000000000003,20.172000000000025,13.791999999999916,88.59100000000012,68.83799999999997,22.952999999999975,117.95200000000011,83.63,19.854000000000156,43.56200000000001,19.807000000000016,40.16899999999998,60.67399999999998,95.5920000000001,81.62299999999982,27.937999999999988,83.8789999999999,41.99199999999996,37.274,35.31200000000024,24.591999999999985,28.922999999999888,120.92999999999995,62.95799999999997,16.834000000000174,79.42200000000003,21.13699999999983,50.25599999999997,23.47099999999989,48.27199999999982,90.20700000000022,66.10500000000002,86.54800000000012,50.394000000000005,88.68900000000008,21.52699999999993,71.65700000000004,85.23100000000011,27.7349999999999,79.29999999999995,28.715999999999894,65.55200000000002,95.05499999999995,76.15899999999999,74.70199999999977,15.326999999999998,5.30499999999995,66.9609999999999,62.105999999999995,94.83600000000001,43.38000000000011,73.81999999999982,34.160999999999945,86.58000000000004,75.94800000000009,14.201000000000022,7.139000000000124,42.04200000000003,79.52900000000011,112.25599999999997,50.608000000000175,11.998000000000047,46.238999999999805,72.57700000000011,15.431000000000154,37.333000000000084,84.19799999999998,41.281000000000176,28.35200000000009,79.56900000000007,34.58199999999988,9.970000000000141,5.284999999999968,127.57000000000016,34.769000000000005,14.007999999999925,131.2030000000002,71.16399999999999,53.280000000000086,100.29200000000003,46.077999999999975,20.636999999999944,19.075999999999908,80.096,22.166000000000054,39.31600000000003,23.584999999999923,94.78100000000006,45.92400000000009,50.89200000000005,17.000000000000227,83.61599999999999,29.083000000000197,13.776000000000067,48.218000000000075,26.576999999999998,63.177999999999884,57.232000000000085,12.742000000000075,26.821000000000026,7.66499999999985,64.49199999999985,61.21500000000003,24.7170000000001,40.72399999999993,23.12900000000002,120.82900000000006,86.4319999999999,35.266999999999825,14.81899999999996,4.574000000000069,76.44399999999996,76.89499999999998,48.16399999999999,17.644999999999982,2.6110000000001037,68.00299999999993,35.906999999999925,10.95799999999997,75.55599999999993,57.90099999999984,89.25000000000011,56.774999999999864,67.2220000000001,94.37200000000007,42.85800000000006,69.39600000000019,18.79000000000019,8.722999999999956,3.29200000000003,30.645999999999844,83.88199999999995,60.60900000000004,66.58200000000011,61.51300000000015,47.55400000000009,67.28300000000013,70.45500000000004,63.26499999999987,46.20300000000009,59.224000000000046,48.197999999999865,87.02299999999991,70.40899999999999,20.311000000000035,27.897000000000048,63.349000000000046,83.47000000000003,51.40700000000004,90.30999999999983,67.93099999999993,66.88200000000006,92.02099999999996,74.97000000000025,27.67899999999986,93.30500000000006,32.47000000000014,108.58900000000006,71.346,68.52099999999996,74.75699999999983,23.954999999999814,81.66399999999999,72.99799999999993,69.86300000000006,31.972000000000094,75.85100000000011,23.333000000000084,42.985000000000014,114.01199999999983,13.831000000000131,38.92000000000007,63.30099999999993,8.16299999999967,62.354999999999905,53.10199999999986,90.49700000000007,38.40900000000033,54.75900000000013,24.043999999999983,96.7149999999998,26.09999999999991,89.91899999999998,87.31000000000006,42.13800000000015,65.37799999999993,59.478000000000065,59.37699999999995,94.82300000000009,40.73100000000022,15.928999999999974,7.328000000000088,14.627999999999929,84.54699999999991,26.107000000000085,83.28099999999995,30.93399999999997,97.63999999999999,42.01699999999994,105.11799999999994,53.539000000000215,51.87999999999988,9.759999999999991,6.439000000000078,60.47899999999993,80.17800000000022,52.803999999999974,30.624999999999886,62.0060000000002,28.357000000000085,14.660000000000196,102.64499999999998,98.803,28.47699999999986,60.861999999999966,37.41000000000008,32.01599999999996,61.43700000000001,10.42599999999993,56.05499999999995,96.98400000000004,59.890000000000214,84.94599999999991,58.803,17.832000000000107,76.25599999999986,14.221999999999866,20.785999999999945,73.0390000000001,43.36099999999999,72.68599999999981,14.829999999999927,24.873000000000047,8.525999999999954,90.67400000000009,104.70600000000002,30.653999999999883,98.56000000000006,106.26300000000015,68.84100000000001,22.801000000000045,7.927999999999997,62.497999999999934,84.97999999999979,49.31299999999999,29.98999999999978,53.48400000000015,80.649,51.47600000000011,45.52700000000016,32.221000000000004,71.76699999999994,96.33699999999988,20.589999999999804,63.49900000000014,63.864999999999895,23.059999999999945,8.817000000000007,45.778000000000134,19.91300000000001,61.56200000000001,93.59999999999991,15.012000000000171,26.16300000000001,61.391000000000076,71.19500000000005,103.16899999999998,55.00800000000015,110.745,51.024000000000115,70.03699999999992,59.75099999999986,66.03000000000009,98.33699999999999,26.47300000000007,38.70600000000002,72.54499999999985,42.6579999999999,62.431000000000154,113.79200000000003,23.588999999999942,7.579000000000065,4.1319999999998345,1.6009999999998854,69.06799999999998,51.82399999999984,11.66099999999983,20.926000000000045,58.22499999999991,85.47400000000005,33.944000000000074,51.49499999999989,48.84099999999978,42.4730000000003,91.78200000000015,78.16499999999985,34.20399999999995,62.84899999999982,47.631999999999834,107.279,63.59799999999984,30.283000000000015,11.779999999999973,93.36899999999991,70.82999999999981,46.120000000000005,76.649,29.43600000000015,6.141000000000076,73.78500000000008,80.33799999999974,53.34900000000016,44.335000000000036,60.023000000000025,18.913999999999987,39.912000000000035,11.375999999999976,72.202,96.9029999999999,45.724000000000046,47.25999999999999,78.83699999999976,59.92499999999973,43.72500000000002,51.017999999999915,27.686000000000035,8.903999999999996,69.23200000000008,47.43500000000006,73.74199999999996,37.46399999999983,53.235999999999876,39.740999999999985,99.51300000000003,105.23699999999997,25.561999999999898,8.0949999999998,45.983000000000175,72.226,37.33899999999994,48.34399999999994,23.15100000000018,76.8069999999999,27.68299999999988,93.58499999999992,68.34500000000003,59.077,81.32599999999991,53.589999999999804,20.976,63.87099999999998,93.38,50.02099999999996,10.841999999999985,3.820999999999799,2.133000000000038,61.49700000000007,15.316999999999894,69.99199999999996,123.83900000000006,67.71600000000001,104.91700000000003,112.99300000000005,21.26000000000022,12.148999999999887,51.313999999999965,13.307999999999993,5.990000000000009,121.43399999999997,19.166999999999916,82.649,31.08299999999997,105.24300000000005,35.50900000000013,55.168000000000006,23.460000000000036,14.018000000000143,3.8770000000000664,77.41999999999996,17.274999999999977,39.153999999999996,63.13900000000001,89.98100000000011,13.739000000000033,44.43700000000001,12.384000000000015,134.6239999999999,74.95500000000004,21.414999999999964,75.86800000000005,25.555000000000064,75.3080000000001,88.28200000000004,75.05200000000013,63.25500000000011,59.76299999999992,17.622999999999934,38.137999999999806,54.311999999999784,79.80199999999991,85.46999999999991,43.789999999999736,64.52400000000011,43.269000000000005,67.61300000000006,76.37999999999977,59.375,34.93599999999992,18.24099999999987,27.68399999999997,12.153000000000134,59.62699999999995,57.47899999999993,17.69699999999989,97.58299999999997,45.071000000000026,43.711999999999875,70.89599999999984,20.00500000000011,117.85500000000002,108.73000000000002,56.631000000000085,17.007000000000062,97.82999999999981,74.25599999999986,47.50999999999988,70.09100000000012,55.293000000000006,83.24700000000007,45.207999999999856,92.97300000000007,37.19500000000005,68.67200000000014,46.64099999999996,26.634999999999764,56.01900000000023,53.454000000000065,19.550000000000182,113.6930000000001,41.72899999999993,17.676999999999794,46.586999999999875,77.53099999999995,46.468000000000075,122.00099999999986,59.57400000000007,53.761999999999944,87.22399999999982,90.87900000000002,77.73200000000008,70.19400000000007,96.99599999999998,77.17399999999998,78.74899999999991,33.19399999999996,65.53800000000001,13.555000000000177,32.489999999999895,52.732000000000085,12.654999999999973,6.621999999999957,1.6649999999999636,16.32000000000005,95.33100000000002,56.25,24.019000000000005,94.11900000000014,32.01200000000006,55.711999999999875,8.087000000000103,4.369999999999777,65.51699999999994,99.03999999999996,66.76299999999992,66.39899999999989,86.4899999999999,13.066999999999894,72.89999999999975,42.95700000000011,67.26700000000017,20.03800000000001,40.200999999999794,78.7750000000002,20.388999999999896,10.402000000000044,113.452,33.70300000000009,42.05799999999999,10.135999999999967,25.097000000000094,74.50700000000006,38.59799999999984,77.90800000000002,94.78200000000015,39.19699999999989,110.49100000000021,70.59200000000021,70.35600000000011,25.70399999999995,40.966999999999985,112.09500000000003,51.423,85.79599999999994,26.795000000000073,54.19200000000001,24.308000000000106,5.197999999999979,1.953000000000202,76.84699999999998,52.974999999999795,55.496000000000095,95.23400000000004,48.454000000000065,33.55999999999983,14.824999999999932,77.65199999999993,34.94500000000005,114.75400000000013,43.250000000000114,73.40099999999984,68.88400000000001,56.32600000000002,23.892999999999915,71.40200000000004,42.80700000000013,29.73099999999988,62.53899999999999,24.53099999999995,44.500999999999976,108.18199999999979,16.449999999999932,42.766000000000076,30.940999999999917,67.92400000000009,87.5569999999999,12.031000000000063,3.0170000000000528,68.12299999999993,15.692999999999984,4.339999999999918,29.760000000000105,5.941000000000145,69.58799999999997,32.230000000000246,81.05300000000011,32.29700000000014,63.72199999999998,106.43000000000006,25.308000000000106,35.92100000000005,77.63199999999995,23.908999999999878,73.48699999999997,75.2410000000001,43.208000000000084,16.71199999999999,16.74000000000001,3.423000000000002,21.057999999999993,6.427999999999997,76.11699999999996,17.98099999999988,96.543,31.29400000000021,99.30799999999988,82.98800000000017,90.34000000000003,47.59400000000005,76.99799999999993,33.01300000000015,87.52199999999993,22.125000000000227,36.33400000000006,28.32400000000007,11.781000000000063,82.99599999999998,30.335000000000036,29.027999999999906,47.03699999999992,63.436000000000035,35.020000000000095,47.25900000000013,12.695999999999913,6.241999999999962,2.182999999999879,70.21100000000013,12.945999999999913,41.628999999999905,42.57999999999993,30.126999999999953,16.919000000000096,57.98600000000022,87.99300000000017,87.59299999999996,64.54599999999994,100.33900000000006,53.80600000000004,40.12199999999996,73.73900000000003,49.158000000000015,26.77000000000021,86.43100000000004,98.33400000000006,44.553999999999974,34.26699999999994,58.056000000000154,17.903000000000134,66.82499999999993,39.52999999999997,41.40600000000006,25.899000000000115,7.572000000000003,70.99199999999996,57.00700000000006,18.136999999999944,52.74199999999996,108.94300000000021,61.898000000000025,7.545000000000073,56.01100000000008,65.91599999999994,34.84100000000012,94.4720000000001,72.70299999999986,24.034999999999854,69.95500000000004,17.82000000000005,38.697000000000116,10.6400000000001,20.380999999999972,13.063999999999965,81.06799999999998,87.21999999999991,58.04899999999998,20.399,67.125,40.297000000000025,92.52700000000004,92.78999999999996,83.87600000000009,25.055999999999926,96.04100000000005,56.59500000000003,108.17700000000002,86.524,57.01400000000001,50.742000000000075,33.57399999999984,77.71699999999987,29.727999999999952,63.629999999999995,22.228000000000065,60.49300000000005,22.215000000000032,51.764999999999986,10.222999999999956,18.787000000000035,55.799999999999955,99.83500000000004,14.2800000000002,42.49000000000001,65.32999999999993,28.55600000000004,39.72500000000002,10.616999999999962,18.42700000000002,51.18900000000008,33.174999999999955,76.16600000000005,11.72700000000009,88.27399999999989,112.93500000000006,48.590999999999894,17.83000000000004,5.815999999999917,93.07500000000005,51.28500000000008,15.182999999999993,75.49599999999998,76.5150000000001,44.9079999999999,38.11900000000014,61.510000000000105,78.90600000000006,80.08299999999997,50.02999999999986,98.99399999999991,19.79200000000003,48.218999999999824,67.35399999999993,58.82600000000002,51.87799999999993,11.538999999999874,78.03500000000008,13.479000000000042,72.86900000000003,33.21100000000001,9.246999999999957,55.50199999999995,71.76199999999994,62.50399999999979,90.47099999999989,28.660000000000082,9.45699999999988,85.36799999999994,95.85900000000004,40.303,15.68100000000004,75.21900000000005,94.80500000000006,37.711000000000126,89.73100000000011,65.64199999999994,78.29799999999989,41.603000000000065,44.94900000000007,104.18200000000002,85.0089999999999,26.703000000000088,81.75300000000004,23.49700000000007,44.95600000000002,80.17899999999997,49.12200000000007,47.15300000000025,38.83499999999981,39.860000000000014,31.786000000000058,71.13200000000006,28.369000000000256,105.07100000000003,22.91899999999987,40.61000000000013,9.383000000000038,62.39499999999998,38.34699999999998,50.99099999999987,62.58499999999992,11.589999999999918,68.66599999999994,116.26100000000008,23.258000000000266,42.403000000000134,63.100000000000136,24.516000000000076,95.74900000000002,46.017999999999915,87.31099999999992,120.303,48.2650000000001,69.62200000000007,88.28999999999985,78.92600000000004,60.629999999999995,49.571000000000026,24.125999999999863,72.64799999999991,49.56000000000017,24.74899999999991,65.6239999999998,27.130999999999972,23.75999999999999,15.941000000000031,17.2349999999999,92.41599999999994,31.285000000000082,16.83800000000008,54.861999999999966,8.06899999999996,89.22199999999998,18.670000000000073,5.022999999999911,90.85900000000004,71.43299999999999,39.03099999999995,51.655000000000086,89.7539999999999,50.40399999999988,125.1450000000001,35.82999999999993,112.97199999999998,71.02200000000016,63.36999999999989,30.366999999999734,100.03200000000004,31.713999999999828,71.78499999999997,99.86099999999988,50.718000000000075,53.698999999999955,22.823000000000206,12.673000000000002,93.34000000000003,101.91800000000012,50.86500000000001,86.779,15.316999999999894,36.096000000000004,8.713999999999942,44.500999999999976,13.86200000000008,45.31500000000017,80.94199999999978,55.968000000000075,98.596,84.91399999999999,49.84199999999987,82.35899999999981,27.79600000000005,44.17999999999995,64.64699999999993,92.04699999999991,18.98799999999983,90.86400000000003,48.468000000000075,90.10300000000007,46.23000000000002,30.982999999999947,28.374000000000024,73.79999999999984,79.9849999999999,37.71400000000017,38.02000000000021,78.12099999999998,25.716000000000008,50.559999999999945,110.36299999999994,25.651000000000067,88.66600000000005,47.1160000000001,67.13200000000018,17.49500000000012,9.775000000000091,86.25999999999988,85.88,27.50299999999993,49.42899999999986,77.19900000000007,23.636999999999944,82.76099999999997,37.83800000000008,105.47499999999991,18.04199999999969,92.71800000000007,72.48399999999992,71.54600000000016,20.479000000000042,43.979999999999905,68.98300000000017,27.03699999999992,92.29399999999998,99.918,31.417000000000144,61.00999999999999,63.11299999999994,70.03000000000009,23.95000000000016,106.98299999999995,70.45400000000006,38.09299999999985,6.302999999999997,93.02299999999991,17.15099999999984,54.923999999999864
,384.46699999999987,386.1659000000001,462.9687,466.98670000000016,441.02219999999966,504.6795000000001,434.4056000000003,370.04160000000024,450.1898,364.2046999999998,491.48659999999995,435.2650999999996,460.7928999999999,462.38070000000016,421.4330000000002,424.91769999999974,366.67729999999995,504.4141000000003,412.15229999999985,408.0292999999999,423.19740000000013,404.44140000000004,341.7891999999998,372.90379999999993,424.92859999999985,430.52570000000003,365.9958999999999,388.7414,396.10659999999984,348.65959999999984,353.67219999999975,429.9776999999997,398.7955999999998,526.0876999999999,379.2692999999998,419.94209999999975,393.5013999999999,423.94309999999984,357.7061,395.9018000000001,439.69889999999987,436.3915000000002,423.9830999999999,492.8812999999998,452.4161999999999,448.501,459.7603999999998,427.43849999999964,423.07069999999976,490.58169999999996,377.29309999999964,402.01340000000005,426.16510000000017,438.62289999999996,379.0314999999997,419.61950000000013,359.2133000000001,436.44809999999984,389.2586000000001,446.98249999999973,376.2014999999998,410.3058000000001,371.37459999999965,390.6524000000003,360.8379000000001,441.5259000000002,361.5479999999999,403.8683000000001,343.75670000000025,345.44810000000007,414.6921000000001,402.837,418.63149999999996,319.7629999999999,397.2712999999999,405.4851,350.5750999999999,378.87090000000035,438.9294000000002,377.6802999999999,463.74749999999995,380.26149999999984,418.91460000000006,363.7196999999999,369.65279999999984,376.59310000000005,369.2904,344.5961,423.4415999999999,497.7348999999999,304.3529,395.0467000000002,374.92920000000015,385.1453,462.3531999999999,388.80849999999987,387.9844999999999,350.0345,375.58759999999995,364.52549999999985,398.8247000000001,396.51129999999966,359.67150000000004,463.8160999999999,445.1379000000002,373.0924000000001,367.0266999999998,447.0890999999998,350.98980000000006,456.2483,437.6129000000001,413.63379999999984,411.4996,447.3823000000001,390.55989999999986,434.0819999999999,364.4934000000002,366.5032,456.0971999999998,357.4014999999997,442.85720000000003,394.10490000000016,402.44449999999983,416.14549999999997,481.93740000000014,367.2782000000001,410.7001999999999,374.78129999999976,478.9994999999999,494.69950000000017,386.0255000000001,414.7348999999999,438.4687000000001,446.67640000000006,439.2623,425.3077999999998,376.7677000000001,414.0886999999998,470.5496999999997,411.00750000000005,397.6634,377.36130000000014,445.8601,359.1398999999998,356.13059999999984,320.4337999999999,385.53960000000006,398.84869999999967,438.2274000000001,385.3369,349.24199999999973,348.1000999999999,378.6512999999999,366.41200000000003,444.76980000000015,389.0702,323.02609999999993,412.1005999999999,496.9481000000002,411.06550000000016,411.37990000000036,420.72670000000016,373.43579999999986,432.65200000000004,358.55749999999966,366.7518,416.3770000000002,362.21310000000005,413.7699000000001,347.9376,470.6541000000001,379.6723999999999,340.7906999999999,412.3028000000003,410.3684000000003,354.30939999999964,363.5500999999998,406.99840000000006,418.2832999999997,487.0870000000001,408.36119999999994,430.01950000000033,426.8206999999999,374.33219999999983,444.8433,413.8656,432.02779999999996,432.8808,419.1863000000001,430.2393999999998,372.33010000000013,424.0389999999999,372.8529000000001,364.7476999999998,431.89840000000015,429.6303999999999,341.4583,415.6153999999999,429.0952,358.6843,365.9874000000003,394.02710000000025,425.2166000000001,319.6361999999999,416.3262000000002,361.92330000000004,433.27740000000006,397.49670000000015,340.34760000000006,441.7383,374.3037999999998,377.5013,397.8624000000002,369.7457999999999,340.8868000000001,393.56229999999994,312.6295,338.0597,387.0441999999998,455.96990000000017,431.52940000000024,462.0220000000004,427.16740000000004,407.59109999999976,447.7127999999999,317.59010000000023,401.78650000000016,383.4889999999997,348.3557000000002,352.0847000000002,383.2763000000001,385.17060000000004,328.37149999999997,363.3424,367.2878999999999,440.83899999999994,360.2541,408.98699999999997,334.6045999999999,381.64279999999985,379.2312999999998,432.1523000000001,476.44330000000025,371.2233,366.1270999999998,386.99699999999996,339.70600000000013,431.9287000000003,452.43330000000014,406.4293,451.0460999999999,294.6577,379.29229999999995,355.96339999999987,329.53509999999994,485.78779999999995,311.9153,360.4176,361.4284,379.7748999999999,392.79859999999974,373.0472000000001,352.3488,409.79690000000005,327.58479999999986,389.83709999999996,335.58150000000023,412.6331999999999,428.73040000000026,425.11109999999985,409.7149999999999,386.41769999999997,275.32060000000024,403.8940000000001,341.1569999999999,350.89419999999996,308.1636000000001,457.63809999999967,399.0984000000001,409.73619999999994,445.92949999999996,392.86480000000006,398.7645000000001,391.22379999999987,409.61659999999983,395.11689999999976,365.20580000000007,445.0871000000001,421.0448,381.2275000000001,490.0151999999995,426.4258000000002,444.4592000000001,381.4630000000002,401.4123000000001,377.94489999999996,409.1148999999999,421.0395,387.2006,529.9008,386.88430000000005,364.28449999999987,336.4395999999999,329.2070000000002,330.1331000000001,415.3168999999999,289.95450000000005,271.30290000000014,320.48670000000004,243.6753,442.20140000000015,402.87260000000026,444.76620000000014,388.68560000000025,405.7090000000004,401.0660999999999,444.9906,370.9797,456.4441999999998,353.3934999999999,440.0786999999999,411.83289999999977,450.76030000000014,412.5848000000001,366.5709999999999,364.1776000000002,325.4265999999999,343.2700000000003,393.9472999999996,442.5858999999999,422.1324000000002,399.9308,413.95789999999977,399.33879999999976,421.6233,421.60029999999983,354.08809999999994,371.0973999999999,363.43999999999994,317.1906,398.7333,386.0737000000004,355.0992000000001,316.0288999999998,365.0958999999999,391.1249999999999,370.9394000000001,448.2329000000001,405.62289999999996,341.8659999999999,347.0793,432.17510000000016,420.6793999999999,382.9517000000002,443.9041000000001,467.8327999999998,516.6239999999999,375.81999999999994,408.97569999999996,442.7007,357.2378000000002,440.4242999999999,335.2059999999998,377.8316999999996,357.08770000000004,407.8646,400.8360999999999,380.53790000000026,358.8991,410.68060000000014,423.1516999999999,393.30859999999984,358.02699999999993,442.0702000000001,492.3364,378.76199999999994,393.21130000000005,435.70230000000015,414.8903,353.45730000000003,328.9602000000001,358.8133,348.3397000000001,396.9223999999998,338.4276000000001,371.98259999999993,345.0094999999999,309.36739999999986,398.0740999999998,363.2424,455.5431000000002,386.4228999999997,446.04219999999987,375.8032999999999,435.69960000000003,417.9138999999999,388.41139999999996,396.3630999999998,349.27560000000005,354.15430000000003,428.3712000000003,369.6367,474.9883000000001,376.73940000000005,409.4744000000002,426.0702000000002,307.9598000000002,416.44079999999985,455.2207000000002,421.35759999999993,430.77150000000006,351.60619999999994,321.2669000000001,340.27999999999963,388.36069999999984,419.12890000000016,362.69309999999996,375.6648,405.2358999999999,345.01509999999985,396.0616000000001,362.6854000000001,375.39699999999993,385.2559000000002,429.5104000000001,410.38949999999977,369.68979999999976,325.8798000000003,329.69529999999986,419.4565,375.87880000000007,295.1250000000001,292.30849999999975,349.6026999999999,380.37630000000024,348.7615999999998,336.3197,316.12070000000017,345.6066000000002,398.56269999999995,316.4242999999998,370.5322,377.09460000000024,449.0622000000001,399.51689999999985,388.75540000000024,382.7283,301.7038,407.1088000000001,351.0808000000003,351.22619999999984,351.76710000000037,344.9047999999999,378.27070000000003,365.40919999999994,310.1069000000001,315.55229999999995,393.2685,377.62250000000006,315.34839999999997,340.79790000000014,308.3911999999999,319.81510000000003,312.0650999999999,357.399,289.41200000000015,354.4484,302.12990000000013,367.1434999999999,359.09119999999984,402.2417999999999,388.76839999999993,312.1297999999998,379.75930000000005,411.2050999999999,360.9237999999999,380.02959999999996,388.49289999999985,401.33410000000015,416.31820000000005,392.9865000000002,349.8567999999998,393.61969999999997,468.44810000000007,337.9746000000001,375.2577000000002,313.5743,344.01560000000006,446.3051999999999,350.79890000000023,359.79859999999996,369.76599999999985,327.59809999999993,387.0069,310.65769999999975,404.10249999999974,378.6685000000001,443.6547999999998,405.2088,309.9029000000003,434.2697999999999,381.4304000000002,312.68290000000013,414.66600000000017,474.09879999999964,334.41409999999996,399.2741000000001,382.41150000000005,398.73120000000006,327.0187000000003,368.1988,319.09920000000034,393.5681000000001,381.69640000000004,440.51099999999997,346.86120000000005,415.8219999999999,389.0932999999999,409.78329999999994,330.4018,407.9863,362.9446999999999,421.5508,395.87990000000025,378.7068999999998,382.1573999999998,349.58910000000014,367.0408000000001,395.13350000000025,371.91650000000004,381.9646999999999,323.0310999999998,359.2146,388.0125999999999,335.36959999999976,309.8498999999998,390.6181999999999,322.25549999999976,339.9851,381.5633999999999,421.2288000000002,419.9087999999999,399.9212000000001,315.58889999999997,353.53280000000007,366.7788999999998,270.1673000000003,450.7679999999999,402.3849999999999,345.10029999999995,384.50160000000005,320.9123999999998,320.95859999999993,371.03299999999956,321.9923,412.3582,368.82849999999996,369.4792000000001,315.5876999999999,347.7517,388.4889999999998,326.05640000000005,398.48990000000015,430.98310000000004,347.2579999999999,404.0523000000002,390.2888999999999,474.9913999999999,312.7618000000001,405.3619,387.0097999999999,359.22249999999997,351.33680000000004,365.38239999999996,418.56510000000026,343.9119999999998,395.0693,389.25840000000017,317.98750000000007,358.53729999999985,438.8695999999999,407.8671999999999,392.99599999999987,397.4021,333.90869999999995,461.3773,348.53679999999986,404.3272999999998,408.2189000000003,438.74929999999995,290.83259999999996,339.0872999999999,350.2280000000003,359.2087,314.04909999999995,334.87469999999985,325.1551999999997,339.2187999999999,255.59590000000014,420.3894,354.85980000000006,398.2097,404.068,368.0796,414.0057999999999,304.97559999999964,313.7858000000001,294.6645000000001,399.72130000000016,348.9361999999999,373.0279999999998,392.33379999999977,281.1607999999999,364.4809,333.76560000000006,380.46299999999997,387.0076999999999,300.7987999999998,411.1306000000002,402.2862000000001,404.4842000000001,384.94029999999987,436.2692000000002,419.8923,420.2632000000002,431.30889999999977,301.879,296.35839999999973,416.27660000000003,354.25649999999985,362.3124999999998,406.6095,362.90810000000033,362.8001999999999,328.8386999999998,397.10889999999984,409.43550000000005,375.17740000000015,382.72349999999983,353.70730000000015,354.24729999999977,386.6209000000001,340.1821000000001,302.2481,347.46849999999995,333.52650000000017,382.35710000000006,369.43290000000013,327.20820000000015,334.49900000000014,286.4277000000001,352.5111999999997,370.5946,363.03350000000034,283.96919999999966,322.2145999999997,324.5555999999998,318.4291999999998,345.7040999999997,292.95029999999997,350.6945000000002,342.6112999999999,379.52049999999986,299.5418000000002,405.48649999999986,449.74529999999993,337.4667999999999,417.3421000000002,370.9852000000001,351.15190000000007,439.3762999999997,378.84799999999996,242.50920000000008,336.0977999999999,345.06460000000004,340.8516000000001,308.2741000000001,304.02520000000004,363.6108999999998,307.1299,361.1202999999997,399.7542000000001,285.2854,373.44010000000003,362.51860000000033,338.1855000000003,410.9921000000003,329.03840000000014,332.9194000000002,284.8105999999999,341.5962000000002,381.0620999999999,415.568,295.40290000000005,355.0624999999999,362.77279999999985,357.8096999999998,290.5981999999999,328.22230000000025,330.36490000000015,416.99599999999987,398.7283000000001,314.12339999999983,377.3394000000002,327.57359999999994,403.47069999999997,428.6364,326.27689999999996,349.4943000000003,396.3095999999998,347.21410000000003,346.5199000000001,441.3094999999996,351.2253999999998,380.3813000000001,329.8197,378.36850000000004,376.26720000000023,342.43139999999994,360.8778,321.9295999999998,337.43910000000017,373.2329000000002,316.2486,373.49630000000013,327.7425999999998,349.74540000000036,279.8765000000003,352.69950000000006,391.5145000000002,285.4435000000001,429.3025000000001,367.58900000000006,348.47389999999973,332.3147999999999,383.2403999999998,534.2557000000002,421.0070999999999,308.2104999999998,324.88829999999996,372.32450000000006,359.48670000000016,342.4947000000002,273.31529999999987,310.2478,289.2669000000001,374.6251,366.59849999999994,411.13159999999993,367.42420000000004,399.1794999999996,295.60670000000016,409.35630000000015,366.0677000000002,285.9508000000002,333.4455999999998,333.9901,321.74149999999986,393.65300000000025,375.8489999999998,393.12390000000005,377.3683,381.73140000000035,302.97389999999996,408.0470999999999,307.50350000000003,376.8721999999997,320.11390000000006,424.7855000000002,361.0428999999999,283.17869999999994,305.1229000000002,366.11620000000016,349.6008999999999,451.7993,403.61170000000016,345.09969999999987,387.48209999999983,380.66550000000007,373.24220000000025,401.39789999999994,354.6324000000001,325.27780000000007,385.85,303.2098999999997,384.81789999999967,374.44010000000003,356.80039999999997,321.69630000000006,398.4403,370.39959999999985,333.7198999999998,316.35069999999996,424.13750000000005,399.4862999999998,314.69020000000023,357.0516,340.24699999999973,348.68370000000004,306.0243999999998,372.46000000000015,328.3601,425.54809999999986,385.0371000000001,382.7926000000001,323.4729000000001,380.0539000000002,424.01220000000023,362.2273,355.9829000000001,295.7832999999998,330.5472000000001,295.63339999999994,306.38819999999987,346.0141000000002,280.0645000000002,346.8587000000002,328.6600000000001,360.8089000000001,341.0160000000001,341.0218,297.01750000000004,385.67859999999985,320.06600000000014,300.55409999999995,331.6543000000005,278.6041,367.2886,367.2888999999999,384.33320000000026,284.9639000000001,312.49159999999983,356.6198999999999,305.34799999999973,366.5948000000001,321.3602000000001,394.80749999999966,351.08489999999995,287.3551,278.4526999999998,397.6287000000001,347.67129999999975,370.0869000000001,341.6681000000001,320.90649999999994,329.1889000000002,337.4029999999999,404.42110000000025,291.86559999999986,333.4184999999999,310.32320000000004,321.1762000000002,392.7754,350.3040000000001,295.9083000000003,347.35090000000025,312.66110000000015,325.01030000000014,313.65369999999984,322.28110000000015,331.0011000000002,419.74289999999985,336.31989999999996,432.15430000000003,338.5470999999998,403.84720000000016,352.0269999999998,345.51549999999986,315.53790000000004,337.9472999999998,305.4522999999999,301.6820999999999,394.3227999999999,326.55230000000006,326.4014000000001,342.3024000000004,460.538,370.1594,368.5671,380.4642,404.1150000000001,321.92679999999996,443.2008999999997,368.47219999999993,383.1335999999999,305.3280000000001,376.50750000000005,380.4800999999999,389.5046,327.52789999999993,351.2379000000002,370.5901,305.53430000000014,336.29910000000007,388.20079999999996,388.9446999999998,315.0926000000002,331.4977000000001,403.06500000000017,372.6215999999997,371.07040000000006,341.34760000000006,363.3447000000002,308.4022000000001,323.85120000000006,355.3368999999997,365.6425999999998,352.44570000000033,426.62120000000004,313.3559,304.25019999999995,355.74199999999985,335.6936999999999,400.44100000000003,465.3156999999999,401.13919999999996,372.2856999999999,397.56870000000015,346.514,355.7951999999999,365.09579999999994,337.1358999999999,320.4750999999999,295.3571999999998,265.60460000000023,283.63499999999976,335.6862,354.5783,403.5121999999998,338.12279999999987,267.1755999999997,309.61589999999967,269.4831999999999,328.2901999999999,296.48620000000005,325.36259999999993,290.4036,317.35090000000014,309.0491999999999,341.6171999999998,350.48410000000024,274.61620000000016,347.3248000000001,335.2875999999999,364.2184000000003,314.9595999999999,309.9501999999999,375.8983999999998,386.9761,392.06140000000005,342.39610000000016,378.11479999999995,298.7394999999999,280.6265999999998,318.56579999999985,288.4817999999998,294.27600000000007,296.1850000000003,334.08540000000005,316.9628,318.28420000000017,346.9792,384.60379999999975,278.39350000000013,312.2882000000001,352.75969999999995,336.80049999999983,361.35389999999995,313.5328999999999,337.2716999999999,316.3911999999998,302.8727,345.4101999999997,318.87070000000006,323.78629999999987,282.1581000000002,336.4428999999998,313.6068999999999,231.63469999999973,314.0908000000002,323.23940000000005,376.2230000000002,336.2093000000001,321.8279000000001,280.5815000000001,274.3577999999999,331.5834000000002,376.6952000000002,332.8482,322.1537000000001,349.4075999999998,311.5866,279.68309999999997,396.0070000000003,377.27290000000016,343.41179999999974,321.9635000000002,391.59219999999993,311.55629999999996,335.2491000000001
,351.22699999999963,204.54317509475675,119.14460650717183,45.750029812109574,81.34999573013408,43.72384087254295,11.07293976609219,19.477032248323212,61.93228445603734,19.275707322543326,21.01422398432021,3.905157273415739,81.23446104965387,87.07561196359222,91.48645769385826,45.42546397816466,9.191550891819247,67.65883815563063,84.9423197199493,46.99806908051596,18.514294457453957,64.17810421618572,51.092537056585,14.74365151763368,27.586090403289404,65.46757404813707,60.64606653221574,93.65441512365874,41.009161694350155,15.127054066074606,69.32786220014646,72.11335303572514,42.82500230115056,110.94865852503187,14.939869610420942,51.82177745019521,33.902215501476576,72.28090093304388,23.017023133645694,55.76678267859461,16.800403932427344,20.501861931511826,70.0529724689037,109.74423359315267,71.87950922096218,68.36474692196259,79.14958100462866,55.8350308822512,57.249356351658435,22.67143511997108,5.556938676866707,79.84495369008243,31.296547392305683,71.37857111138953,64.69924941056263,62.78877078935204,66.93586681381748,19.895192007097194,7.769612576836607,34.30584071706619,7.810243711662338,86.23093202748464,72.38907850551323,15.08900770167213,4.89780267844651,74.22364524137436,22.134542156680936,79.92597028538148,23.071478024750945,95.82595889325216,61.78014067223819,97.5725915225729,87.67687263708308,53.75786856469574,57.91328605258059,41.37885626834998,52.09313237965716,66.1155701958628,41.88965515563416,52.03765190763545,19.180297749011174,90.05064993783162,31.0363098635911,46.20484782262395,11.650222350007198,23.60932924885958,82.38222195838318,9.287849490798067,86.09081879232815,83.64394301968844,54.91583020204064,54.57421007316725,15.590922164502103,12.191078890302038,89.47184572604203,59.05263423611132,21.183883118944664,18.16850563319224,16.155817846800346,40.40617619575016,21.556175168221102,38.45871396568532,15.524359332831978,87.99103337129338,89.84876441560016,42.769697797710705,66.02899756660895,73.6851350872987,18.356423418476766,81.87593063473162,21.045490187310634,43.56165013717191,46.444908010769154,59.596385577304886,16.887310248271547,46.876842456389454,84.02298752338493,42.01262009307118,71.87133431019038,61.81098675711064,12.07710131017916,67.77234809095171,31.871050380197858,76.8824953332911,103.16214924623648,32.460215037253874,79.39788148495938,56.782972091264014,90.28194785578,24.609789631367335,66.71581758011928,18.514063690393414,35.19342454233413,60.958955103377775,25.14966609159069,31.991620823406038,59.45816800463592,19.527974969275533,12.76094673405305,87.39072007108132,65.78882034380183,20.868475756973567,119.42662307534545,80.50360884353597,19.231538255464443,45.237560741546076,18.609018052182705,42.95453625619962,61.853933210113496,94.97682449337924,80.33257617639799,27.17357831419315,83.44513687012477,40.67874736942872,36.12457958952291,33.872485549028056,23.97469969278734,29.277109995542787,120.58824124369312,61.34099205861571,16.57019281084672,81.2405638323471,20.02340416677623,47.74619504359828,23.962357180411573,49.267794593106714,91.46194283984744,67.59961478181401,87.14607354566533,50.033304558542454,91.52530048862741,21.04489020808728,72.82552077032051,85.02058154937424,26.381421361698017,80.69828484340485,28.36659576024408,67.18454802882911,103.56753842783235,76.11917795010709,74.9564255252069,15.616388817132247,5.207805565287458,67.95530463592718,61.66153235616787,92.91302857508185,44.81147419447041,72.13357905001146,33.614753847288966,87.068616518986,77.32695942658154,13.740791219641892,6.654370272520509,42.858140595815485,80.7212938944781,112.35108008767577,48.21190455808596,9.711454633744893,47.56482441449555,68.49268440657204,12.972864483022136,35.04379268228536,88.96677215045634,40.27843342419351,28.28446545512645,79.83640329935224,34.21570309180322,10.629095469373851,5.310113667341625,132.25058069121656,33.091838669844265,13.590881647269612,131.0434322862817,71.02007691591928,50.94961347651201,97.4622307197858,45.497014710277995,20.207100741197905,18.556554360537007,79.15959299659698,20.653668384803495,37.99960398394046,23.61521982933766,95.19320257185416,47.079664580426765,50.74776355087988,18.333537219189452,84.09624194199148,29.134186553273253,14.34407840330573,50.05887471916071,25.675306273314504,62.7747991228141,57.13459155523469,12.783694458971013,24.61624644797473,6.854576638463868,61.050552308735064,61.390483096415664,24.43332856565894,41.82371625526582,23.479001962409484,118.60854608800082,86.16160805103652,37.65707913777203,14.082292902557924,4.43188049615037,76.60436761907556,75.93007383613292,49.63994369775662,16.93313693447692,2.9144747223591594,66.71452134886226,35.231313123316454,11.447112707816359,74.25428008694814,57.28472335415063,91.01756213464341,56.92357227657794,65.5714588195633,92.9743455756983,41.65995651019887,69.61018102123944,19.072820295963197,8.848108314024557,3.563943110459377,31.8921938304253,84.39114165817898,59.15235597284163,66.0306377052857,66.08831765004834,45.04017044498869,65.05865596603076,74.25894436500755,62.26371258549386,48.09948755720552,57.95875052968972,45.83614482292887,88.01010581124842,71.4582672126653,21.515649193804165,27.492617331938618,61.92926052719554,84.32087636663834,50.802948813100556,92.34984878579928,68.38803193008403,65.5935050065624,91.96491370487706,75.0492368700111,26.105690743595005,88.23443111565052,29.827286090645885,109.09684542504158,71.23825019280434,68.31440613599557,74.15782361850074,25.65512005895289,81.84477794891836,71.95638563403952,71.02347123427955,33.07490466101706,74.817984772861,24.302404630540536,43.63824864768105,114.68370895487192,14.65865943713493,38.39740698949777,62.076125884134626,8.512777763812437,64.78208640771527,54.14664972575599,91.2004314004165,40.35459378038479,53.57727168707004,26.161982141755857,98.21029969976087,25.176364652946972,92.50806971004556,89.01387757358623,42.87200827542131,65.43049538896548,58.48193208216219,60.53774210063409,93.67907387003743,38.12201579392877,14.331719808433945,7.526510568023355,15.589927936604681,81.78374107310867,24.823074949730653,84.07087486489581,32.00976078142253,98.76030854879173,43.128190146070324,103.75681776836495,52.55367389709022,51.72346267634214,8.973289644308807,4.955835416822083,60.56718345217746,78.03329116795805,56.32917818860744,29.156528799194575,61.23434573792758,26.9715726018876,14.819946262781741,97.8050762950403,100.09898837137337,29.616865539501646,63.13657440679674,36.334978300333546,33.310106729754125,60.82187581565131,9.787868907675147,58.23553386846959,98.10330208028438,60.951779675382,85.16692924600636,58.46874359821493,17.419474740824967,78.04238558288273,14.115096000748395,20.051632023259685,74.10684052607576,42.82256866373962,73.14606756939065,15.092001012507353,24.76111121310032,8.170692451879404,90.70490728878838,103.73165576473434,29.302341523253403,93.25700643604068,107.25835365457249,71.2515048813334,25.101027995028858,8.38135823206369,60.36643334677501,86.42066311831127,50.78019251783576,28.511088131164342,52.930708302900484,79.1652336714717,53.167883981267664,45.6921251908426,30.64358308616795,72.77777487049798,95.83419750732742,19.098680611176633,61.97694649477785,65.87745545387202,22.151282828573017,8.00777640642923,47.13774161923959,20.048076146118774,61.57564929176044,95.7712463746949,15.63995137452639,24.787492494312687,64.42356422096248,71.98658036908262,101.256478295144,55.60455092518953,107.56349956313204,52.90354519386858,68.12532643284351,59.579628324243686,66.1949431613466,97.16789795631519,28.147181535081018,39.347560508599145,71.20859553679134,41.607703118957716,63.8674114037907,113.36943027873235,19.728465963487338,7.500642557701326,4.017345143398188,1.5083558698061097,66.06234733853535,54.680234012068695,10.735954691840334,23.415851631512055,56.226012701542004,84.08839544022874,33.972993263996955,51.33456942290013,49.03008280661277,43.05233220498053,92.1812924229771,78.46112255789785,35.008425858566284,61.325534184379535,48.20375501071749,105.58520957901897,64.21457368001188,29.327284394902676,11.756791166173912,91.88439337215209,69.74682794267937,47.585361578729476,71.83828841478828,29.5060561151746,6.835274324334819,74.9948388265243,78.90229880194875,53.43641037735995,42.91035872074758,60.92930178642382,18.462925680476815,39.879564953140175,10.20606573703003,74.01937600725955,94.75613699015503,45.1316170842648,46.64403942489366,82.21636874051387,60.8541014136357,45.476519063622845,48.19467048841841,26.187471992695805,9.084168157562658,69.2129930858124,47.672849543359916,73.53389944914386,37.593232019812035,52.91057428059048,39.979138428217425,99.89706745144906,108.89629458995125,22.604430769578585,6.628191368767375,47.826136149820854,71.70946519530423,39.03518248564808,48.862819341938234,22.402043754450006,77.9274209695077,22.667140826422155,94.0368852566387,69.63193214360899,58.82564520657422,82.50999213029706,52.240465604305314,20.49793523106996,61.92155312396005,90.93549790214036,48.18352355478487,10.917303761943572,4.367675469757387,2.558785332538946,59.982423177432,17.220688496323646,70.00363958262972,123.69234680473903,65.96825204719232,104.96348705850244,113.69095658964682,21.90165582839836,12.791695549727478,50.0144218657357,13.581232881329697,7.29560257207504,115.91062772410203,18.007064999210684,84.22503202729354,31.77914248379784,104.67737266788038,37.29807634016686,53.00968196775614,23.91856395454954,13.971902068340796,3.5757097124572965,76.49208188763248,18.933804056276244,38.44091189334699,63.32007768414974,91.07709697053758,13.705695943318233,46.057976305425086,12.710318650426984,133.99228350896124,76.1761390163523,21.98855140919477,75.08798279334121,27.484432033854887,75.39661371727425,92.0245935307131,77.75266884249493,64.55373857331324,60.873967539079445,18.07366868505312,39.83104229546257,53.892741808180745,78.16462213367538,85.01737348020254,47.933004257569905,63.24385336332216,46.39343035457546,68.80659553693874,75.42606150556026,59.33922785997436,36.31790472430396,18.269933247418294,25.674105683632092,12.408486604648715,60.767346773204736,58.132552058673696,19.914043079504722,97.77191807682675,46.186976842655895,43.03130015419276,70.94529847308695,19.501570638920384,118.2492041507187,108.86871483765037,56.36680366069652,17.652190869765036,95.70794681571999,77.07579786497297,46.432233468264485,70.72166776299775,55.033286030677004,81.38872944007448,45.62158805318359,92.27926953238432,37.28593488249919,65.3175538788172,43.85192062901842,26.75467643265722,58.56681450169583,48.86473851777748,17.59984821136686,114.14434913494188,40.20618517207845,17.242061396652616,45.708824529199205,78.97125725862611,45.89485776434708,124.82121470527397,60.992500261469104,53.43698190911323,84.79540576309569,92.75214024607976,78.90642575567279,71.90681496815944,98.39464136819447,80.51451860178122,79.58871709483878,34.14787188319133,65.03413072083072,13.911995335648498,33.788588064999885,52.26574383940249,11.69371716152773,5.64350949738548,1.1837847693135473,16.367755628970826,91.18771735108191,55.62460388649083,24.387989318862537,94.86131862724221,29.142587680739098,53.60416459985743,8.417598879052207,3.864403868161162,63.75779946899888,98.86295927641618,67.49778217828589,67.09808620358615,86.55744083513491,13.685881241225957,74.39629486148851,41.980105053102875,66.0563880085291,17.74642359446659,41.741687564144286,78.0213298458973,21.1415361526133,10.407548298910797,111.99948077614079,33.73994316372148,41.5638319153129,9.052642234069026,24.902315830313228,75.22516474256895,38.22885291805278,77.19911858978685,93.2837430680097,38.193275226283276,111.75539130064999,69.51304486976767,68.74932455257954,22.97028789047613,43.504363899057694,110.25183612315709,51.95253182632371,84.57451936152415,25.796969342255807,55.088363205811106,23.761550825002814,5.115005380650587,1.6515464254018752,78.29793682661989,54.34010361870037,56.45514708819974,94.33433225048907,48.166058066377445,32.36988188257476,14.498736061528916,77.45402270509237,34.8899292707905,113.888712401877,44.65671075793557,72.55034928075531,67.5191262440195,54.13798439481536,21.413443076835392,71.26477379630876,41.27073212410471,31.359124203695274,61.00754159095334,24.511684206199448,43.485985810198144,107.98533792137926,15.555561227894941,43.35356360312994,31.1889388289992,68.85748327918941,86.11276963104785,12.562824443843056,3.104529666612734,70.09391563222289,14.68882690067187,3.3328394503723757,29.74404090638734,5.077594164435482,71.19095973453375,31.76984201945686,81.92461005488133,31.91908158544811,66.28247554911968,112.53455538646847,26.345771887100682,36.31441903915038,75.02992122944102,24.79072631473946,72.96052648356897,76.05363218162609,41.755644690941836,16.42450591307147,17.019236743399688,3.1693677042676427,20.39664390930625,6.129349695146516,75.52122650254,17.162789735773345,94.4966194785394,31.93405442316191,96.74609886038957,84.23007495916602,89.73054455459283,49.867249891366214,77.12811018562502,29.200312200063763,87.68612368221193,23.978841636023162,36.07528123231282,30.65127233058115,11.37889578607178,82.54622616950303,28.189336772017896,27.535467767678142,48.257445759904954,64.46389502678471,33.02949315878698,49.813065831767176,12.271976514088351,5.9484808881976505,1.9107200555466761,70.63183982319129,12.0824353256711,42.38968775003423,42.439384266106,29.2879585711064,16.96143413984794,58.563370140207326,85.42422173059458,87.5850342932963,66.7599729666997,92.7914882416245,55.73812995962396,39.915908481320685,72.70271299701619,48.729576042576014,24.573770417492256,87.17923766297133,97.79670370663553,45.638417264511986,34.07745450473374,57.60342528994852,17.427739126506594,67.01222304690361,38.036236994122305,42.23780866047139,25.792089735972013,7.807517475844293,70.94447098441492,56.73947765249909,19.164788683009533,53.79657648279169,108.79579195199665,60.686792219855306,7.667893626512068,55.32940494557192,66.57879634463723,35.9412220576678,95.92142782431688,67.26482114506337,21.54517284112967,70.45444673341808,18.54471568787301,39.65304959537923,10.661422439833473,21.000383519188517,13.33288575167785,82.72538813477763,83.70936654187244,62.717697678888044,21.18745953647715,65.28934073809421,37.269402516886316,94.94616406309319,92.45653784632214,86.070877531674,23.902933693595855,96.10053811717785,55.483479391069864,109.29728671025907,87.60692492663179,56.164414700834755,50.9686935415624,32.307392406909685,76.41971035855181,29.349698561844093,64.59124447342901,22.297582394257233,60.74903959614255,21.225673574107873,51.13089503773142,10.789987011746803,18.698207650815675,56.92689269460641,97.71050432279799,13.915561469402064,43.094960973274965,63.50408089991083,27.24988031886778,40.078210841260784,10.698100721497894,17.391689389663384,51.004138220563846,33.08326412725603,76.18211625066135,11.963487160814907,92.9150918963303,111.1393129184238,50.57958465664478,17.095543327027485,5.411082740637767,90.76560259177427,54.31768765056893,14.818334090521262,69.30950073408121,80.95518536530949,45.026058967657605,37.78371078883049,61.16888387494737,75.14126094222695,82.85200216842577,47.13064305735497,104.02668271682091,20.733896272505376,50.32179690866019,63.48191208453636,61.28529587251808,52.30740143483456,13.23344297053552,78.7631212221878,12.291697483139046,74.16562444938552,33.761251360107735,8.888392483600796,55.64858386029232,74.58850814411278,62.30673339212228,90.802171592646,29.757811068871774,9.138478559951409,85.80444405313824,95.74051212943641,41.60903844448558,15.568617702327401,77.11404843474804,93.04053056642806,36.84295552965864,89.35573033024298,67.14148780188236,78.30385891048002,43.299536631923274,46.09485101781195,103.50058784049406,85.82147419857517,27.61503469325862,83.06733676085582,24.34379061691982,43.93673222006919,79.12282466371471,48.81171791991437,53.403546921681254,37.35409784383137,40.75693764130517,33.2079243936995,70.62743798406984,28.36311268172085,104.43962270778854,21.53354591722291,40.50654699499887,8.118758844729655,60.540665573630235,38.69792776863346,53.21784895460485,64.29883955478817,12.363397780747505,68.73783312138539,122.01983959740107,23.68860667873298,41.54900712559652,64.56337672921552,26.857796959401753,96.55120807087724,49.01769046418872,89.49368444970469,121.03991773179348,48.710325974155694,71.74083135619605,88.60272646201872,79.63453763105497,60.02646961129108,50.72184530127652,23.77955407749016,71.06335294463383,49.54824164662455,24.542152601693715,67.97020328380916,23.85550183303451,23.819689715782147,16.084005448726884,17.478861199740095,92.5186815545162,29.98114083923599,17.168044660242458,53.68628518683897,9.141937148587544,90.4693968873894,19.76100191055434,5.70258919079447,90.47195739853453,71.49412876542453,38.961340266781804,48.11668465136336,91.08416523909239,49.72917569325898,126.98325804470471,39.89886545154002,112.53662153623611,71.98009287580464,64.95462131943373,30.877915366098023,103.15072507143304,34.02025548385143,72.79867868549468,100.76358166479451,48.191496472207064,53.5611939295577,24.46071315354061,13.706259396725159,90.27596847217876,100.86400579629719,51.5492366868591,77.70470756595284,13.226647952951566,32.085709082886865,9.736946552686959,42.15886097331634,13.06498617999955,46.036291651255624,84.05210399859664,54.181138037605706,100.23733010176215,85.12396000839283,50.2530996246511,83.71572648108702,30.155409968925937,45.519236830079535,62.32125076128875,93.94512033242268,19.61412058043561,92.01141541966149,47.25296278539395,86.41093396738984,48.00985235563064,30.93513979538659,27.89518223722655,72.5400966243634,76.93793341701223,37.918410009404056,40.46343137991812,76.02799535752001,24.726060257353083,50.782664144637806,108.0691997803641,24.393660302138073,91.71378214303422,44.738870640746995,68.98253350424545,17.52001703973906,8.90129799387637,85.48109535703429,90.69200524542043,23.95170662787052,51.845402344840636,77.33686200235331,23.881499688665144,81.71631461897073,37.078863042894795,104.41412744858974,16.647988904249246,90.29029433588016,74.30462235681534,74.47814460240568,20.173057604259725,46.55356957526271,66.4465069176897,26.159790089450553,94.2277620517815,100.7330787660078,30.732715629639983,61.3693064747049,64.21217822324024,71.2023906306456,23.536143358092545,108.81884378412894,71.09026081340619,37.58187556500991,6.251846486298177,90.54172577120823,17.19777739443589,56.2342208816973
